Proj	DSO	DDO	UOffset	VOffset	Pivot	dTeta
0.00000	59.07938	144.09561	30.26730	33.50713	-0.01889	1.15335
0.50070	59.08170	144.09069	30.24054	33.41365	-0.01937	1.15116
1.00139	59.08400	144.08581	30.21350	33.32038	-0.01985	1.14897
1.50209	59.08630	144.08096	30.18617	33.22730	-0.02035	1.14677
2.00278	59.08859	144.07616	30.15854	33.13442	-0.02085	1.14457
2.50348	59.09086	144.07139	30.13062	33.04174	-0.02137	1.14237
3.00417	59.09313	144.06665	30.10239	32.94926	-0.02189	1.14016
3.50487	59.09539	144.06196	30.07387	32.85698	-0.02242	1.13794
4.00556	59.09764	144.05730	30.04505	32.76489	-0.02295	1.13572
4.50626	59.09988	144.05268	30.01592	32.67301	-0.02349	1.13349
5.00695	59.10211	144.04810	29.98649	32.58133	-0.02404	1.13125
5.50765	59.10433	144.04356	29.95675	32.48985	-0.02459	1.12901
6.00834	59.10654	144.03906	29.92670	32.39857	-0.02515	1.12676
6.50904	59.10873	144.03459	29.89634	32.30749	-0.02570	1.12450
7.00974	59.11092	144.03017	29.86567	32.21662	-0.02626	1.12223
7.51043	59.11310	144.02578	29.83470	32.12595	-0.02683	1.11996
8.01113	59.11526	144.02143	29.80341	32.03548	-0.02739	1.11767
8.51182	59.11741	144.01712	29.77181	31.94522	-0.02795	1.11537
9.01252	59.11955	144.01285	29.73990	31.85516	-0.02851	1.11307
9.51321	59.12168	144.00862	29.70768	31.76531	-0.02907	1.11075
10.01391	59.12380	144.00443	29.67515	31.67566	-0.02963	1.10841
10.51460	59.12590	144.00028	29.64230	31.58621	-0.03019	1.10607
11.01530	59.12799	143.99616	29.60915	31.49697	-0.03074	1.10371
11.51599	59.13007	143.99209	29.57569	31.40794	-0.03129	1.10134
12.01669	59.13214	143.98805	29.54192	31.31911	-0.03183	1.09895
12.51739	59.13419	143.98405	29.50784	31.23048	-0.03237	1.09655
13.01808	59.13623	143.98009	29.47345	31.14206	-0.03291	1.09413
13.51878	59.13825	143.97617	29.43876	31.05385	-0.03343	1.09170
14.01947	59.14027	143.97229	29.40376	30.96584	-0.03395	1.08925
14.52017	59.14226	143.96845	29.36846	30.87804	-0.03446	1.08678
15.02086	59.14425	143.96464	29.33285	30.79044	-0.03496	1.08430
15.52156	59.14621	143.96087	29.29694	30.70305	-0.03545	1.08179
16.02225	59.14817	143.95715	29.26073	30.61586	-0.03593	1.07927
16.52295	59.15011	143.95346	29.22422	30.52888	-0.03640	1.07673
17.02364	59.15203	143.94980	29.18741	30.44211	-0.03686	1.07417
17.52434	59.15394	143.94619	29.15030	30.35555	-0.03731	1.07159
18.02503	59.15583	143.94261	29.11290	30.26919	-0.03774	1.06899
18.52573	59.15771	143.93907	29.07520	30.18303	-0.03816	1.06637
19.02643	59.15957	143.93557	29.03721	30.09708	-0.03857	1.06372
19.52712	59.16142	143.93211	28.99892	30.01134	-0.03896	1.06106
20.02782	59.16325	143.92869	28.96035	29.92581	-0.03934	1.05838
20.52851	59.16506	143.92530	28.92148	29.84048	-0.03970	1.05567
21.02921	59.16686	143.92196	28.88233	29.75536	-0.04004	1.05294
21.52990	59.16864	143.91865	28.84289	29.67045	-0.04036	1.05019
22.03060	59.17041	143.91538	28.80316	29.58575	-0.04067	1.04742
22.53129	59.17215	143.91215	28.76315	29.50125	-0.04096	1.04463
23.03199	59.17388	143.90896	28.72284	29.41696	-0.04123	1.04181
23.53268	59.17560	143.90580	28.68225	29.33288	-0.04147	1.03898
24.03338	59.17730	143.90269	28.64138	29.24900	-0.04170	1.03612
24.53408	59.17898	143.89961	28.60021	29.16533	-0.04190	1.03324
25.03477	59.18064	143.89658	28.55875	29.08187	-0.04208	1.03035
25.53547	59.18228	143.89359	28.51700	28.99862	-0.04224	1.02743
26.03616	59.18391	143.89064	28.47495	28.91557	-0.04237	1.02449
26.53686	59.18552	143.88773	28.43259	28.83272	-0.04248	1.02154
27.03755	59.18711	143.88486	28.38992	28.75008	-0.04256	1.01857
27.53825	59.18869	143.88204	28.34693	28.66764	-0.04262	1.01558
28.03894	59.19025	143.87926	28.30361	28.58540	-0.04264	1.01258
28.53964	59.19179	143.87653	28.25994	28.50337	-0.04264	1.00956
29.04033	59.19331	143.87384	28.21591	28.42153	-0.04261	1.00654
29.54103	59.19482	143.87120	28.17150	28.33989	-0.04254	1.00351
30.04172	59.19631	143.86862	28.12668	28.25845	-0.04245	1.00047
30.54242	59.19778	143.86609	28.08142	28.17721	-0.04231	0.99744
31.04312	59.19924	143.86362	28.03568	28.09616	-0.04215	0.99441
31.54381	59.20068	143.86121	27.98942	28.01530	-0.04194	0.99138
32.04451	59.20211	143.85886	27.94259	27.93464	-0.04170	0.98838
32.54520	59.20353	143.85659	27.89512	27.85417	-0.04142	0.98539
33.04590	59.20493	143.85439	27.84696	27.77390	-0.04109	0.98244
33.54659	59.20632	143.85227	27.79804	27.69382	-0.04072	0.97952
34.04729	59.20770	143.85024	27.74831	27.61394	-0.04031	0.97664
34.54798	59.20906	143.84831	27.69775	27.53428	-0.03984	0.97382
35.04868	59.21041	143.84647	27.64641	27.45483	-0.03934	0.97103
35.54937	59.21174	143.84472	27.59443	27.37563	-0.03879	0.96826
36.05007	59.21305	143.84305	27.54200	27.29669	-0.03820	0.96550
36.55076	59.21431	143.84145	27.48947	27.21695	-0.03755	0.96217
37.05146	59.21554	143.83988	27.43710	27.13739	-0.03687	0.95869
37.55216	59.21674	143.83831	27.38494	27.05801	-0.03617	0.95507
38.05285	59.21791	143.83676	27.33304	26.97885	-0.03545	0.95128
38.55355	59.21906	143.83522	27.28145	26.89992	-0.03469	0.94734
39.05424	59.22017	143.83368	27.23022	26.82123	-0.03392	0.94324
39.55494	59.22125	143.83214	27.17938	26.74281	-0.03311	0.93898
40.05563	59.22230	143.83061	27.12898	26.66467	-0.03228	0.93455
40.55633	59.22332	143.82906	27.07902	26.58685	-0.03143	0.92996
41.05702	59.22430	143.82751	27.02954	26.50935	-0.03054	0.92521
41.55772	59.22526	143.82595	26.98056	26.43219	-0.02964	0.92030
42.05841	59.22617	143.82439	26.93209	26.35538	-0.02870	0.91524
42.55911	59.22706	143.82281	26.88414	26.27895	-0.02774	0.91004
43.05981	59.22791	143.82122	26.83671	26.20290	-0.02676	0.90470
43.56050	59.22873	143.81961	26.78981	26.12725	-0.02575	0.89923
44.06120	59.22950	143.81800	26.74343	26.05201	-0.02471	0.89364
44.56189	59.23025	143.81637	26.69758	25.97720	-0.02365	0.88794
45.06259	59.23096	143.81474	26.65224	25.90284	-0.02257	0.88215
45.56328	59.23163	143.81310	26.60741	25.82893	-0.02146	0.87627
46.06398	59.23226	143.81145	26.56312	25.75551	-0.02033	0.87031
46.56467	59.23287	143.80979	26.51936	25.68257	-0.01918	0.86427
47.06537	59.23343	143.80813	26.47619	25.61013	-0.01800	0.85818
47.56606	59.23396	143.80646	26.43366	25.53821	-0.01681	0.85202
48.06676	59.23445	143.80479	26.39185	25.46680	-0.01559	0.84580
48.56745	59.23490	143.80311	26.35083	25.39592	-0.01435	0.83954
49.06815	59.23531	143.80142	26.31068	25.32559	-0.01309	0.83322
49.56885	59.23568	143.79972	26.27146	25.25581	-0.01182	0.82685
50.06954	59.23600	143.79800	26.23324	25.18660	-0.01052	0.82044
50.57024	59.23627	143.79626	26.19606	25.11795	-0.00920	0.81398
51.07093	59.23649	143.79448	26.15996	25.04989	-0.00787	0.80748
51.57163	59.23666	143.79268	26.12496	24.98243	-0.00652	0.80095
52.07232	59.23677	143.79082	26.09108	24.91557	-0.00516	0.79439
52.57302	59.23682	143.78893	26.05830	24.84932	-0.00377	0.78780
53.07371	59.23682	143.78697	26.02661	24.78369	-0.00238	0.78117
53.57441	59.23676	143.78496	25.99598	24.71869	-0.00096	0.77452
54.07510	59.23664	143.78288	25.96639	24.65431	0.00047	0.76785
54.57580	59.23646	143.78072	25.93780	24.59055	0.00192	0.76116
55.07650	59.23621	143.77847	25.91019	24.52743	0.00339	0.75444
55.57719	59.23589	143.77614	25.88353	24.46495	0.00488	0.74726
56.07789	59.23551	143.77371	25.85778	24.40312	0.00639	0.74046
56.57858	59.23506	143.77117	25.83292	24.34193	0.00792	0.73367
57.07928	59.23453	143.76853	25.80891	24.28139	0.00948	0.72687
57.57997	59.23394	143.76578	25.78570	24.22152	0.01106	0.72008
58.08067	59.23327	143.76292	25.76325	24.16231	0.01266	0.71330
58.58136	59.23253	143.75995	25.74152	24.10379	0.01430	0.70653
59.08206	59.23172	143.75686	25.72045	24.04594	0.01595	0.69977
59.58275	59.23084	143.75366	25.70002	23.98879	0.01764	0.69302
60.08345	59.22989	143.75034	25.68020	23.93233	0.01935	0.68629
60.58414	59.22887	143.74692	25.66095	23.87657	0.02109	0.67956
61.08484	59.22778	143.74339	25.64225	23.82150	0.02285	0.67285
61.58554	59.22662	143.73976	25.62409	23.76710	0.02464	0.66615
62.08623	59.22540	143.73604	25.60646	23.71336	0.02647	0.65945
62.58693	59.22412	143.73222	25.58932	23.66029	0.02831	0.65277
63.08762	59.22277	143.72832	25.57266	23.60786	0.03019	0.64609
63.58832	59.22138	143.72435	25.55648	23.55607	0.03209	0.63942
64.08901	59.21993	143.72030	25.54074	23.50491	0.03402	0.63277
64.58971	59.21843	143.71620	25.52543	23.45436	0.03598	0.62613
65.09040	59.21688	143.71204	25.51052	23.40443	0.03797	0.61951
65.59110	59.21529	143.70784	25.49600	23.35511	0.03999	0.61290
66.09179	59.21365	143.70360	25.48184	23.30637	0.04204	0.60632
66.59249	59.21198	143.69933	25.46801	23.25823	0.04412	0.59975
67.09318	59.21026	143.69503	25.45451	23.21066	0.04622	0.59320
67.59388	59.20851	143.69071	25.44131	23.16365	0.04836	0.58666
68.09458	59.20672	143.68637	25.42841	23.11720	0.05052	0.58014
68.59527	59.20490	143.68203	25.41577	23.07128	0.05271	0.57363
69.09597	59.20304	143.67767	25.40340	23.02590	0.05493	0.56713
69.59666	59.20116	143.67332	25.39128	22.98104	0.05718	0.56063
70.09736	59.19924	143.66898	25.37939	22.93669	0.05946	0.55414
70.59805	59.19730	143.66465	25.36773	22.89285	0.06177	0.54764
71.09875	59.19534	143.66034	25.35629	22.84950	0.06411	0.54114
71.59944	59.19336	143.65605	25.34507	22.80663	0.06647	0.53462
72.10014	59.19135	143.65179	25.33406	22.76422	0.06887	0.52809
72.60083	59.18933	143.64757	25.32327	22.72228	0.07129	0.52154
73.10153	59.18729	143.64338	25.31269	22.68077	0.07374	0.51497
73.60223	59.18524	143.63923	25.30233	22.63970	0.07622	0.50835
74.10292	59.18316	143.63512	25.29219	22.59904	0.07873	0.50169
74.60362	59.18107	143.63106	25.28228	22.55877	0.08127	0.49498
75.10431	59.17896	143.62703	25.27261	22.51890	0.08383	0.48821
75.60501	59.17684	143.62304	25.26318	22.47940	0.08642	0.48136
76.10570	59.17470	143.61910	25.25401	22.44025	0.08904	0.47443
76.60640	59.17255	143.61519	25.24513	22.40145	0.09168	0.46741
77.10709	59.17038	143.61133	25.23654	22.36298	0.09435	0.46029
77.60779	59.16820	143.60750	25.22827	22.32483	0.09703	0.45306
78.10848	59.16600	143.60371	25.22035	22.28700	0.09974	0.44572
78.60918	59.16379	143.59996	25.21281	22.24947	0.10247	0.43826
79.10987	59.16158	143.59624	25.20569	22.21223	0.10522	0.43067
79.61057	59.15935	143.59257	25.19902	22.17529	0.10799	0.42295
80.11127	59.15711	143.58893	25.19283	22.13862	0.11077	0.41508
80.61196	59.15486	143.58533	25.18716	22.10223	0.11357	0.40708
81.11266	59.15261	143.58176	25.18206	22.06611	0.11638	0.39892
81.61335	59.15036	143.57823	25.17754	22.03025	0.11920	0.39060
82.11405	59.14810	143.57474	25.17365	21.99465	0.12203	0.38212
82.61474	59.14583	143.57128	25.17041	21.95930	0.12488	0.37347
83.11544	59.14357	143.56786	25.16786	21.92422	0.12774	0.36466
83.61613	59.14130	143.56447	25.16601	21.88941	0.13060	0.35567
84.11683	59.13903	143.56113	25.16491	21.85489	0.13348	0.34652
84.61752	59.13676	143.55782	25.16457	21.82066	0.13637	0.33720
85.11822	59.13450	143.55456	25.16503	21.78674	0.13927	0.32772
85.61892	59.13224	143.55135	25.16632	21.75317	0.14218	0.31809
86.11961	59.12998	143.54818	25.16847	21.71995	0.14510	0.30832
86.62031	59.12772	143.54506	25.17151	21.68712	0.14803	0.29841
87.12100	59.12547	143.54199	25.17547	21.65470	0.15096	0.28839
87.62170	59.12322	143.53897	25.18038	21.62273	0.15391	0.27826
88.12239	59.12098	143.53602	25.18625	21.59123	0.15686	0.26803
88.62309	59.11874	143.53312	25.19311	21.56023	0.15982	0.25773
89.12378	59.11651	143.53029	25.20097	21.52976	0.16278	0.24737
89.62448	59.11429	143.52753	25.20983	21.49987	0.16575	0.23696
90.12517	59.11208	143.52484	25.21971	21.47056	0.16873	0.22652
90.62587	59.10987	143.52222	25.23061	21.44186	0.17171	0.21607
91.12656	59.10768	143.51967	25.24253	21.41378	0.17470	0.20560
91.62726	59.10549	143.51720	25.25549	21.38633	0.17769	0.19513
92.12796	59.10331	143.51478	25.26951	21.35951	0.18068	0.18467
92.62865	59.10114	143.51244	25.28461	21.33334	0.18368	0.17422
93.12935	59.09898	143.51016	25.30080	21.30781	0.18668	0.16378
93.63004	59.09683	143.50794	25.31811	21.28294	0.18969	0.15337
94.13074	59.09468	143.50578	25.33655	21.25872	0.19269	0.14299
94.63143	59.09253	143.50368	25.35617	21.23517	0.19570	0.13265
95.13213	59.09039	143.50163	25.37698	21.21228	0.19871	0.12234
95.63282	59.08825	143.49964	25.39901	21.19007	0.20171	0.11207
96.13352	59.08612	143.49769	25.42227	21.16852	0.20472	0.10185
96.63421	59.08398	143.49578	25.44679	21.14764	0.20773	0.09166
97.13491	59.08184	143.49391	25.47257	21.12741	0.21073	0.08153
97.63561	59.07969	143.49208	25.49960	21.10785	0.21373	0.07143
98.13630	59.07754	143.49026	25.52787	21.08893	0.21673	0.06139
98.63700	59.07538	143.48847	25.55735	21.07066	0.21973	0.05139
99.13769	59.07322	143.48670	25.58802	21.05303	0.22272	0.04144
99.63839	59.07104	143.48493	25.61985	21.03603	0.22571	0.03155
100.13908	59.06886	143.48318	25.65279	21.01966	0.22870	0.02171
100.63978	59.06667	143.48142	25.68681	21.00391	0.23169	0.01192
101.14047	59.06446	143.47966	25.72184	20.98877	0.23467	0.00219
101.64117	59.06225	143.47790	25.75784	20.97424	0.23765	-0.00748
102.14186	59.06002	143.47613	25.79475	20.96032	0.24063	-0.01710
102.64256	59.05779	143.47435	25.83251	20.94701	0.24361	-0.02667
103.14325	59.05554	143.47255	25.87107	20.93429	0.24658	-0.03618
103.64395	59.05328	143.47073	25.91037	20.92217	0.24955	-0.04564
104.14465	59.05101	143.46888	25.95038	20.91065	0.25252	-0.05504
104.64534	59.04873	143.46701	25.99103	20.89973	0.25549	-0.06439
105.14604	59.04643	143.46512	26.03229	20.88941	0.25845	-0.07369
105.64673	59.04413	143.46319	26.07412	20.87968	0.26141	-0.08295
106.14743	59.04182	143.46124	26.11647	20.87055	0.26437	-0.09215
106.64812	59.03950	143.45927	26.15933	20.86201	0.26733	-0.10131
107.14882	59.03717	143.45728	26.20266	20.85405	0.27028	-0.11043
107.64951	59.03484	143.45528	26.24642	20.84667	0.27322	-0.11951
108.15021	59.03251	143.45326	26.29060	20.83986	0.27617	-0.12855
108.65090	59.03017	143.45124	26.33516	20.83362	0.27911	-0.13755
109.15160	59.02784	143.44920	26.38008	20.82794	0.28204	-0.14653
109.65229	59.02550	143.44717	26.42533	20.82281	0.28498	-0.15547
110.15299	59.02317	143.44514	26.47085	20.81823	0.28790	-0.16439
110.65369	59.02084	143.44312	26.51660	20.81418	0.29083	-0.17329
111.15438	59.01852	143.44111	26.56254	20.81065	0.29375	-0.18218
111.65508	59.01621	143.43911	26.60861	20.80763	0.29667	-0.19106
112.15577	59.01390	143.43714	26.65476	20.80511	0.29958	-0.19994
112.65647	59.01161	143.43520	26.70094	20.80307	0.30248	-0.20882
113.15716	59.00934	143.43330	26.74707	20.80150	0.30538	-0.21771
113.65786	59.00708	143.43144	26.79313	20.80041	0.30828	-0.22661
114.15855	59.00484	143.42963	26.83905	20.79979	0.31116	-0.23553
114.65925	59.00262	143.42787	26.88480	20.79963	0.31405	-0.24447
115.15994	59.00043	143.42617	26.93034	20.79994	0.31692	-0.25344
115.66064	58.99827	143.42453	26.97561	20.80072	0.31979	-0.26242
116.16134	58.99613	143.42296	27.02060	20.80195	0.32264	-0.27143
116.66203	58.99402	143.42146	27.06525	20.80363	0.32549	-0.28048
117.16273	58.99194	143.42002	27.10954	20.80574	0.32833	-0.28956
117.66342	58.98989	143.41865	27.15343	20.80826	0.33117	-0.29870
118.16412	58.98787	143.41734	27.19689	20.81117	0.33399	-0.30788
118.66481	58.98587	143.41609	27.23990	20.81445	0.33680	-0.31712
119.16551	58.98391	143.41491	27.28243	20.81809	0.33960	-0.32644
119.66620	58.98198	143.41379	27.32445	20.82206	0.34239	-0.33582
120.16690	58.98007	143.41273	27.36595	20.82638	0.34517	-0.34529
120.66759	58.97819	143.41173	27.40690	20.83103	0.34793	-0.35484
121.16829	58.97633	143.41078	27.44730	20.83601	0.35068	-0.36448
121.66898	58.97449	143.40988	27.48713	20.84132	0.35342	-0.37422
122.16968	58.97268	143.40903	27.52639	20.84696	0.35614	-0.38407
122.67038	58.97088	143.40822	27.56505	20.85295	0.35884	-0.39404
123.17107	58.96910	143.40745	27.60312	20.85929	0.36153	-0.40412
123.67177	58.96733	143.40672	27.64059	20.86600	0.36420	-0.41433
124.17246	58.96557	143.40602	27.67743	20.87313	0.36686	-0.42465
124.67316	58.96382	143.40535	27.71365	20.88070	0.36949	-0.43508
125.17385	58.96208	143.40470	27.74922	20.88876	0.37211	-0.44560
125.67455	58.96035	143.40409	27.78412	20.89733	0.37471	-0.45622
126.17524	58.95862	143.40349	27.81835	20.90644	0.37729	-0.46691
126.67594	58.95690	143.40292	27.85191	20.91611	0.37986	-0.47769
127.17663	58.95519	143.40236	27.88480	20.92636	0.38240	-0.48855
127.67733	58.95348	143.40182	27.91702	20.93721	0.38493	-0.49948
128.17803	58.95177	143.40129	27.94859	20.94867	0.38743	-0.51048
128.67872	58.95007	143.40077	27.97952	20.96076	0.38992	-0.52153
129.17942	58.94836	143.40025	28.00982	20.97350	0.39238	-0.53264
129.68011	58.94665	143.39973	28.03951	20.98691	0.39483	-0.54379
130.18081	58.94494	143.39922	28.06862	21.00103	0.39725	-0.55497
130.68150	58.94323	143.39871	28.09714	21.01588	0.39966	-0.56616
131.18220	58.94151	143.39820	28.12511	21.03150	0.40204	-0.57735
131.68289	58.93980	143.39770	28.15252	21.04791	0.40440	-0.58852
132.18359	58.93808	143.39720	28.17939	21.06516	0.40674	-0.59966
132.68428	58.93635	143.39670	28.20575	21.08326	0.40906	-0.61076
133.18498	58.93463	143.39621	28.23161	21.10224	0.41135	-0.62181
133.68567	58.93290	143.39572	28.25699	21.12212	0.41362	-0.63280
134.18637	58.93116	143.39524	28.28190	21.14292	0.41587	-0.64371
134.68707	58.92942	143.39476	28.30636	21.16468	0.41809	-0.65454
135.18776	58.92767	143.39429	28.33039	21.18743	0.42030	-0.66526
135.68846	58.92591	143.39383	28.35403	21.21121	0.42248	-0.67588
136.18915	58.92415	143.39339	28.37728	21.23606	0.42464	-0.68637
136.68985	58.92238	143.39296	28.40019	21.26202	0.42679	-0.69671
137.19054	58.92061	143.39255	28.42278	21.28911	0.42891	-0.70689
137.69124	58.91883	143.39216	28.44506	21.31739	0.43101	-0.71690
138.19193	58.91705	143.39181	28.46706	21.34687	0.43309	-0.72672
138.69263	58.91526	143.39148	28.48881	21.37759	0.43515	-0.73634
139.19332	58.91346	143.39119	28.51030	21.40956	0.43719	-0.74574
139.69402	58.91166	143.39093	28.53154	21.44282	0.43921	-0.75491
140.19471	58.90986	143.39070	28.55256	21.47737	0.44121	-0.76384
140.69541	58.90804	143.39050	28.57334	21.51323	0.44319	-0.77252
141.19611	58.90622	143.39033	28.59390	21.55041	0.44514	-0.78093
141.69680	58.90438	143.39018	28.61423	21.58893	0.44708	-0.78906
142.19750	58.90254	143.39005	28.63434	21.62880	0.44900	-0.79691
142.69819	58.90068	143.38994	28.65421	21.67002	0.45089	-0.80446
143.19889	58.89880	143.38985	28.67382	21.71262	0.45278	-0.81171
143.69958	58.89691	143.38978	28.69318	21.75659	0.45464	-0.81865
144.20028	58.89501	143.38973	28.71226	21.80194	0.45649	-0.82527
144.70097	58.89310	143.38969	28.73103	21.84869	0.45832	-0.83157
145.20167	58.89118	143.38967	28.74947	21.89684	0.46014	-0.83754
145.70236	58.88924	143.38967	28.76755	21.94640	0.46194	-0.84317
146.20306	58.88729	143.38968	28.78523	21.99737	0.46374	-0.84847
146.70376	58.88533	143.38970	28.80250	22.04976	0.46551	-0.85342
147.20445	58.88336	143.38973	28.81930	22.10357	0.46728	-0.85803
147.70515	58.88137	143.38977	28.83561	22.15880	0.46904	-0.86229
148.20584	58.87937	143.38981	28.85141	22.21544	0.47078	-0.86620
148.70654	58.87736	143.38985	28.86666	22.27348	0.47251	-0.86976
149.20723	58.87534	143.38990	28.88135	22.33293	0.47424	-0.87297
149.70793	58.87330	143.38995	28.89545	22.39375	0.47596	-0.87585
150.20862	58.87125	143.39000	28.90894	22.45592	0.47766	-0.87839
150.70932	58.86919	143.39005	28.92181	22.51942	0.47937	-0.88059
151.21001	58.86712	143.39011	28.93404	22.58421	0.48106	-0.88246
151.71071	58.86503	143.39017	28.94562	22.65026	0.48275	-0.88400
152.21140	58.86294	143.39025	28.95655	22.71752	0.48443	-0.88521
152.71210	58.86084	143.39033	28.96682	22.78595	0.48611	-0.88611
153.21280	58.85874	143.39045	28.97644	22.85552	0.48778	-0.88669
153.71349	58.85663	143.39058	28.98539	22.92621	0.48945	-0.88695
154.21419	58.85451	143.39075	28.99369	22.99800	0.49112	-0.88691
154.71488	58.85240	143.39095	29.00132	23.07086	0.49278	-0.88658
155.21558	58.85028	143.39120	29.00828	23.14476	0.49444	-0.88596
155.71627	58.84817	143.39149	29.01455	23.21969	0.49610	-0.88506
156.21697	58.84606	143.39183	29.02013	23.29563	0.49775	-0.88389
156.71766	58.84395	143.39222	29.02500	23.37255	0.49940	-0.88247
157.21836	58.84185	143.39268	29.02914	23.45041	0.50105	-0.88080
157.71905	58.83981	143.39338	29.03255	23.52919	0.50270	-0.87890
158.21975	58.83772	143.39396	29.03523	23.60886	0.50434	-0.87679
158.72045	58.83565	143.39460	29.03716	23.68936	0.50599	-0.87449
159.22114	58.83358	143.39531	29.03834	23.77066	0.50763	-0.87201
159.72184	58.83153	143.39608	29.03878	23.85269	0.50927	-0.86939
160.22253	58.82949	143.39691	29.03847	23.93540	0.51091	-0.86663
160.72323	58.82746	143.39781	29.03742	24.01871	0.51256	-0.86378
161.22392	58.82544	143.39878	29.03562	24.10257	0.51420	-0.86084
161.72462	58.82344	143.39982	29.03310	24.18688	0.51583	-0.85785
162.22531	58.82144	143.40093	29.02986	24.27162	0.51747	-0.85482
162.72601	58.81947	143.40211	29.02590	24.35672	0.51911	-0.85177
163.22670	58.81750	143.40336	29.02122	24.44214	0.52074	-0.84870
163.72740	58.81556	143.40467	29.01584	24.52785	0.52238	-0.84565
164.22809	58.81362	143.40605	29.00976	24.61381	0.52401	-0.84260
164.72879	58.81170	143.40750	29.00299	24.69999	0.52564	-0.83957
165.22949	58.80980	143.40900	28.99552	24.78634	0.52727	-0.83658
165.73018	58.80790	143.41056	28.98739	24.87284	0.52890	-0.83362
166.23088	58.80602	143.41217	28.97860	24.95944	0.53052	-0.83072
166.73157	58.80415	143.41383	28.96918	25.04611	0.53215	-0.82787
167.23227	58.80230	143.41553	28.95916	25.13283	0.53378	-0.82507
167.73296	58.80045	143.41726	28.94856	25.21955	0.53541	-0.82235
168.23366	58.79861	143.41903	28.93741	25.30625	0.53704	-0.81970
168.73435	58.79678	143.42082	28.92575	25.39288	0.53866	-0.81714
169.23505	58.79495	143.42264	28.91361	25.47942	0.54029	-0.81467
169.73574	58.79314	143.42447	28.90102	25.56583	0.54191	-0.81231
170.23644	58.79132	143.42631	28.88802	25.65210	0.54353	-0.81006
170.73713	58.78951	143.42816	28.87464	25.73821	0.54515	-0.80794
171.23783	58.78771	143.43001	28.86092	25.82413	0.54676	-0.80596
171.73853	58.78591	143.43186	28.84687	25.90986	0.54836	-0.80411
172.23922	58.78410	143.43370	28.83254	25.99536	0.54996	-0.80242
172.73992	58.78230	143.43553	28.81796	26.08064	0.55155	-0.80089
173.24061	58.78050	143.43734	28.80315	26.16567	0.55314	-0.79953
173.74131	58.77869	143.43914	28.78813	26.25043	0.55471	-0.79835
174.24200	58.77688	143.44092	28.77295	26.33493	0.55628	-0.79735
174.74270	58.77507	143.44268	28.75761	26.41912	0.55783	-0.79654
175.24339	58.77325	143.44441	28.74216	26.50300	0.55937	-0.79593
175.74409	58.77143	143.44612	28.72660	26.58654	0.56090	-0.79552
176.24478	58.76960	143.44781	28.71097	26.66974	0.56241	-0.79532
176.74548	58.76776	143.44947	28.69529	26.75258	0.56391	-0.79531
177.24618	58.76592	143.45110	28.67958	26.83505	0.56539	-0.79552
177.74687	58.76408	143.45272	28.66387	26.91715	0.56685	-0.79592
178.24757	58.76223	143.45430	28.64820	26.99889	0.56830	-0.79652
178.74826	58.76037	143.45587	28.63260	27.08029	0.56972	-0.79731
179.24896	58.75851	143.45742	28.61710	27.16136	0.57113	-0.79829
179.74965	58.75665	143.45894	28.60173	27.24212	0.57251	-0.79945
180.25035	58.75479	143.46046	28.58654	27.32258	0.57387	-0.80078
180.75104	58.75293	143.46196	28.57153	27.40275	0.57520	-0.80227
181.25174	58.75107	143.46346	28.55676	27.48264	0.57652	-0.80393
181.75243	58.74921	143.46495	28.54226	27.56227	0.57780	-0.80573
182.25313	58.74735	143.46645	28.52804	27.64166	0.57906	-0.80767
182.75382	58.74550	143.46794	28.51416	27.72082	0.58030	-0.80975
183.25452	58.74366	143.46945	28.50064	27.79975	0.58151	-0.81195
183.75522	58.74182	143.47097	28.48750	27.87847	0.58269	-0.81428
184.25591	58.74000	143.47250	28.47477	27.95697	0.58384	-0.81672
184.75661	58.73818	143.47406	28.46246	28.03525	0.58497	-0.81928
185.25730	58.73637	143.47563	28.45060	28.11330	0.58607	-0.82195
185.75800	58.73458	143.47723	28.43919	28.19113	0.58715	-0.82474
186.25869	58.73280	143.47886	28.42824	28.26872	0.58820	-0.82763
186.75939	58.73104	143.48052	28.41774	28.34609	0.58922	-0.83062
187.26008	58.72930	143.48222	28.40771	28.42323	0.59022	-0.83372
187.76078	58.72757	143.48395	28.39812	28.50016	0.59119	-0.83691
188.26147	58.72587	143.48574	28.38897	28.57687	0.59213	-0.84020
188.76217	58.72419	143.48757	28.38024	28.65338	0.59305	-0.84357
189.26287	58.72254	143.48945	28.37191	28.72970	0.59394	-0.84702
189.76356	58.72092	143.49138	28.36394	28.80581	0.59481	-0.85056
190.26426	58.71932	143.49337	28.35632	28.88172	0.59565	-0.85418
190.76495	58.71775	143.49541	28.34899	28.95742	0.59646	-0.85788
191.26565	58.71620	143.49750	28.34192	29.03290	0.59725	-0.86166
191.76634	58.71469	143.49965	28.33506	29.10815	0.59801	-0.86552
192.26704	58.71320	143.50185	28.32837	29.18317	0.59875	-0.86945
192.76773	58.71175	143.50411	28.32180	29.25794	0.59946	-0.87346
193.26843	58.71032	143.50643	28.31530	29.33247	0.60015	-0.87755
193.76912	58.70893	143.50881	28.30883	29.40675	0.60081	-0.88171
194.26982	58.70758	143.51126	28.30234	29.48076	0.60145	-0.88596
194.77051	58.70626	143.51377	28.29578	29.55449	0.60206	-0.89028
195.27121	58.70497	143.51634	28.28913	29.62795	0.60265	-0.89469
195.77191	58.70372	143.51898	28.28232	29.70112	0.60321	-0.89917
196.27260	58.70251	143.52167	28.27532	29.77399	0.60375	-0.90374
196.77330	58.70133	143.52444	28.26808	29.84656	0.60426	-0.90838
197.27399	58.70020	143.52727	28.26056	29.91883	0.60475	-0.91311
197.77469	58.69910	143.53016	28.25274	29.99079	0.60521	-0.91791
198.27538	58.69804	143.53313	28.24458	30.06244	0.60565	-0.92280
198.77608	58.69702	143.53617	28.23605	30.13378	0.60606	-0.92776
199.27677	58.69605	143.53930	28.22713	30.20481	0.60645	-0.93280
199.77747	58.69512	143.54251	28.21780	30.27552	0.60681	-0.93793
200.27816	58.69424	143.54581	28.20804	30.34590	0.60714	-0.94314
200.77886	58.69340	143.54921	28.19785	30.41597	0.60745	-0.94844
201.27955	58.69261	143.55271	28.18722	30.48572	0.60772	-0.95382
201.78025	58.69187	143.55631	28.17614	30.55514	0.60798	-0.95929
202.28095	58.69118	143.56003	28.16461	30.62425	0.60820	-0.96483
202.78164	58.69055	143.56386	28.15263	30.69303	0.60839	-0.97046
203.28234	58.68998	143.56780	28.14020	30.76148	0.60856	-0.97617
203.78303	58.68945	143.57187	28.12733	30.82960	0.60869	-0.98195
204.28373	58.68899	143.57606	28.11403	30.89739	0.60880	-0.98782
204.78442	58.68858	143.58037	28.10030	30.96483	0.60887	-0.99376
205.28512	58.68822	143.58479	28.08615	31.03192	0.60892	-0.99978
205.78581	58.68791	143.58933	28.07160	31.09863	0.60893	-1.00589
206.28651	58.68766	143.59399	28.05665	31.16495	0.60891	-1.01209
206.78720	58.68746	143.59876	28.04132	31.23085	0.60886	-1.01838
207.28790	58.68731	143.60365	28.02562	31.29633	0.60878	-1.02478
207.78860	58.68721	143.60865	28.00957	31.36135	0.60867	-1.03128
208.28929	58.68716	143.61377	27.99317	31.42591	0.60852	-1.03789
208.78999	58.68715	143.61899	27.97643	31.48999	0.60834	-1.04461
209.29068	58.68720	143.62433	27.95936	31.55359	0.60813	-1.05143
209.79138	58.68729	143.62977	27.94196	31.61670	0.60789	-1.05834
210.29207	58.68743	143.63531	27.92425	31.67933	0.60762	-1.06535
210.79277	58.68760	143.64095	27.90623	31.74145	0.60731	-1.07245
211.29346	58.68782	143.64668	27.88792	31.80309	0.60696	-1.07963
211.79416	58.68808	143.65249	27.86932	31.86423	0.60658	-1.08689
212.29485	58.68838	143.65839	27.85045	31.92487	0.60617	-1.09422
212.79555	58.68872	143.66437	27.83134	31.98501	0.60571	-1.10163
213.29624	58.68910	143.67042	27.81200	32.04464	0.60522	-1.10912
213.79694	58.68951	143.67654	27.79246	32.10377	0.60469	-1.11668
214.29764	58.68995	143.68271	27.77275	32.16238	0.60412	-1.12433
214.79833	58.69043	143.68894	27.75289	32.22048	0.60350	-1.13206
215.29903	58.69093	143.69521	27.73292	32.27806	0.60285	-1.13988
215.79972	58.69147	143.70152	27.71284	32.33513	0.60215	-1.14778
216.30042	58.69202	143.70785	27.69270	32.39168	0.60141	-1.15576
216.80111	58.69260	143.71421	27.67252	32.44773	0.60062	-1.16382
217.30181	58.69320	143.72058	27.65233	32.50328	0.59979	-1.17196
217.80250	58.69382	143.72696	27.63216	32.55835	0.59892	-1.18016
218.30320	58.69445	143.73334	27.61203	32.61293	0.59799	-1.18842
218.80389	58.69509	143.73969	27.59198	32.66706	0.59702	-1.19672
219.30459	58.69574	143.74603	27.57202	32.72072	0.59599	-1.20506
219.80529	58.69639	143.75232	27.55218	32.77393	0.59492	-1.21343
220.30598	58.69704	143.75858	27.53248	32.82669	0.59380	-1.22182
220.80668	58.69769	143.76478	27.51292	32.87900	0.59262	-1.23022
221.30737	58.69832	143.77091	27.49352	32.93087	0.59139	-1.23862
221.80807	58.69895	143.77697	27.47429	32.98230	0.59011	-1.24703
222.30876	58.69956	143.78295	27.45523	33.03329	0.58878	-1.25542
222.80946	58.70015	143.78884	27.43634	33.08384	0.58740	-1.26378
223.31015	58.70072	143.79463	27.41763	33.13398	0.58596	-1.27211
223.81085	58.70126	143.80032	27.39910	33.18370	0.58447	-1.28038
224.31154	58.70178	143.80590	27.38076	33.23303	0.58293	-1.28858
224.81224	58.70227	143.81137	27.36259	33.28198	0.58133	-1.29671
225.31293	58.70273	143.81673	27.34460	33.33057	0.57969	-1.30473
225.81363	58.70316	143.82196	27.32679	33.37882	0.57799	-1.31265
226.31433	58.70356	143.82709	27.30917	33.42673	0.57623	-1.32044
226.81502	58.70392	143.83210	27.29173	33.47433	0.57443	-1.32809
227.31572	58.70426	143.83700	27.27448	33.52163	0.57257	-1.33559
227.81641	58.70456	143.84179	27.25742	33.56864	0.57065	-1.34293
228.31711	58.70484	143.84647	27.24055	33.61537	0.56869	-1.35010
228.81780	58.70509	143.85104	27.22386	33.66182	0.56667	-1.35707
229.31850	58.70531	143.85551	27.20736	33.70803	0.56460	-1.36385
229.81919	58.70549	143.85988	27.19105	33.75400	0.56248	-1.37041
230.31989	58.70571	143.86430	27.17492	33.79974	0.56030	-1.37674
230.82058	58.70583	143.86845	27.15897	33.84527	0.55808	-1.38283
231.32128	58.70592	143.87248	27.14321	33.89060	0.55581	-1.38867
231.82197	58.70597	143.87639	27.12763	33.93574	0.55349	-1.39425
232.32267	58.70598	143.88017	27.11222	33.98069	0.55113	-1.39955
232.82337	58.70596	143.88382	27.09696	34.02547	0.54872	-1.40457
233.32406	58.70591	143.88735	27.08186	34.07008	0.54627	-1.40929
233.82476	58.70581	143.89073	27.06689	34.11454	0.54378	-1.41371
234.32545	58.70568	143.89397	27.05204	34.15884	0.54124	-1.41781
234.82615	58.70551	143.89705	27.03730	34.20298	0.53867	-1.42160
235.32684	58.70529	143.89998	27.02265	34.24698	0.53607	-1.42507
235.82754	58.70503	143.90274	27.00808	34.29082	0.53343	-1.42821
236.32823	58.70472	143.90533	26.99355	34.33451	0.53076	-1.43101
236.82893	58.70437	143.90775	26.97904	34.37804	0.52806	-1.43347
237.32962	58.70396	143.90999	26.96454	34.42141	0.52533	-1.43558
237.83032	58.70351	143.91206	26.94999	34.46462	0.52258	-1.43734
238.33102	58.70302	143.91395	26.93538	34.50766	0.51980	-1.43876
238.83171	58.70247	143.91567	26.92067	34.55051	0.51700	-1.43982
239.33241	58.70188	143.91721	26.90583	34.59318	0.51418	-1.44053
239.83310	58.70125	143.91857	26.89083	34.63565	0.51134	-1.44088
240.33380	58.70057	143.91975	26.87562	34.67792	0.50847	-1.44087
240.83449	58.69984	143.92076	26.86019	34.71997	0.50559	-1.44051
241.33519	58.69907	143.92158	26.84448	34.76180	0.50270	-1.43979
241.83588	58.69825	143.92223	26.82849	34.80340	0.49978	-1.43872
242.33658	58.69739	143.92270	26.81217	34.84477	0.49685	-1.43729
242.83727	58.69648	143.92299	26.79551	34.88592	0.49390	-1.43550
243.33797	58.69553	143.92311	26.77849	34.92684	0.49094	-1.43335
243.83866	58.69453	143.92307	26.76108	34.96754	0.48796	-1.43083
244.33936	58.69350	143.92287	26.74328	35.00802	0.48496	-1.42794
244.84006	58.69244	143.92252	26.72510	35.04830	0.48196	-1.42466
245.34075	58.69133	143.92203	26.70653	35.08837	0.47894	-1.42100
245.84145	58.69020	143.92140	26.68757	35.12824	0.47591	-1.41694
246.34214	58.68904	143.92065	26.66822	35.16793	0.47287	-1.41247
246.84284	58.68785	143.91977	26.64848	35.20746	0.46982	-1.40760
247.34353	58.68663	143.91878	26.62834	35.24682	0.46676	-1.40232
247.84423	58.68539	143.91769	26.60783	35.28603	0.46370	-1.39663
248.34492	58.68414	143.91650	26.58694	35.32511	0.46063	-1.39053
248.84562	58.68287	143.91524	26.56568	35.36406	0.45756	-1.38401
249.34631	58.68159	143.91391	26.54408	35.40288	0.45449	-1.37708
249.84701	58.68030	143.91253	26.52216	35.44158	0.45141	-1.36975
250.34771	58.67900	143.91110	26.49993	35.48015	0.44834	-1.36202
250.84840	58.67770	143.90963	26.47744	35.51860	0.44526	-1.35391
251.34910	58.67640	143.90813	26.45471	35.55692	0.44219	-1.34542
251.84979	58.67509	143.90661	26.43176	35.59511	0.43912	-1.33656
252.35049	58.67379	143.90508	26.40865	35.63317	0.43605	-1.32734
252.85118	58.67249	143.90353	26.38539	35.67108	0.43298	-1.31778
253.35188	58.67120	143.90199	26.36203	35.70885	0.42992	-1.30788
253.85257	58.66991	143.90044	26.33859	35.74646	0.42686	-1.29766
254.35327	58.66862	143.89890	26.31512	35.78391	0.42380	-1.28714
254.85396	58.66735	143.89738	26.29163	35.82117	0.42075	-1.27631
255.35466	58.66608	143.89588	26.26818	35.85825	0.41771	-1.26520
255.85535	58.66483	143.89440	26.24479	35.89513	0.41467	-1.25382
256.35605	58.66359	143.89295	26.22149	35.93179	0.41163	-1.24217
256.85675	58.66235	143.89152	26.19832	35.96822	0.40860	-1.23027
257.35744	58.66113	143.89013	26.17531	36.00441	0.40558	-1.21813
257.85814	58.65993	143.88878	26.15249	36.04034	0.40257	-1.20576
258.35883	58.65873	143.88747	26.12989	36.07598	0.39956	-1.19317
258.85953	58.65755	143.88619	26.10752	36.11134	0.39656	-1.18037
259.36022	58.65639	143.88496	26.08540	36.14637	0.39356	-1.16738
259.86092	58.65524	143.88377	26.06355	36.18107	0.39057	-1.15420
260.36161	58.65410	143.88262	26.04200	36.21540	0.38759	-1.14084
260.86231	58.65298	143.88151	26.02077	36.24935	0.38461	-1.12731
261.36300	58.65187	143.88045	25.99987	36.28292	0.38164	-1.11362
261.86370	58.65078	143.87943	25.97933	36.31607	0.37867	-1.09977
262.36439	58.64972	143.87847	25.95917	36.34880	0.37571	-1.08577
262.86509	58.64867	143.87755	25.93942	36.38109	0.37275	-1.07163
263.36579	58.64765	143.87669	25.92008	36.41295	0.36980	-1.05734
263.86648	58.64665	143.87588	25.90118	36.44438	0.36686	-1.04290
264.36718	58.64566	143.87512	25.88274	36.47537	0.36392	-1.02832
264.86787	58.64471	143.87442	25.86479	36.50595	0.36098	-1.01358
265.36857	58.64377	143.87378	25.84737	36.53613	0.35806	-0.99870
265.86926	58.64286	143.87319	25.83049	36.56591	0.35514	-0.98366
266.36996	58.64197	143.87267	25.81419	36.59530	0.35222	-0.96847
266.87065	58.64110	143.87222	25.79850	36.62433	0.34931	-0.95313
267.37135	58.64026	143.87183	25.78344	36.65299	0.34640	-0.93763
267.87204	58.63945	143.87152	25.76904	36.68131	0.34350	-0.92198
268.37274	58.63866	143.87130	25.75532	36.70927	0.34061	-0.90617
268.87344	58.63791	143.87115	25.74230	36.73689	0.33773	-0.89022
269.37413	58.63718	143.87109	25.72999	36.76415	0.33484	-0.87413
269.87483	58.63649	143.87113	25.71840	36.79105	0.33197	-0.85791
270.37552	58.63583	143.87126	25.70754	36.81758	0.32910	-0.84154
270.87622	58.63521	143.87148	25.69742	36.84371	0.32624	-0.82505
271.37691	58.63462	143.87181	25.68804	36.86944	0.32339	-0.80842
271.87761	58.63407	143.87224	25.67939	36.89474	0.32055	-0.79167
272.37830	58.63356	143.87277	25.67149	36.91959	0.31772	-0.77481
272.87900	58.63307	143.87339	25.66432	36.94394	0.31489	-0.75783
273.37969	58.63263	143.87410	25.65789	36.96779	0.31208	-0.74075
273.88039	58.63221	143.87491	25.65219	36.99109	0.30927	-0.72358
274.38108	58.63183	143.87582	25.64722	37.01384	0.30647	-0.70632
274.88178	58.63148	143.87681	25.64298	37.03601	0.30369	-0.68899
275.38248	58.63117	143.87790	25.63948	37.05757	0.30091	-0.67160
275.88317	58.63088	143.87908	25.63671	37.07852	0.29815	-0.65414
276.38387	58.63064	143.88036	25.63467	37.09884	0.29540	-0.63663
276.88456	58.63043	143.88173	25.63335	37.11852	0.29266	-0.61907
277.38526	58.63025	143.88318	25.63277	37.13753	0.28993	-0.60145
277.88595	58.63010	143.88473	25.63290	37.15587	0.28721	-0.58379
278.38665	58.62999	143.88635	25.63375	37.17353	0.28450	-0.56608
278.88734	58.62991	143.88805	25.63531	37.19049	0.28180	-0.54832
279.38804	58.62985	143.88982	25.63758	37.20673	0.27912	-0.53053
279.88873	58.62983	143.89165	25.64055	37.22222	0.27645	-0.51270
280.38943	58.62984	143.89355	25.64422	37.23696	0.27378	-0.49485
280.89013	58.62987	143.89550	25.64858	37.25091	0.27113	-0.47699
281.39082	58.62993	143.89750	25.65363	37.26405	0.26849	-0.45912
281.89152	58.63002	143.89955	25.65936	37.27637	0.26586	-0.44126
282.39221	58.63014	143.90165	25.66577	37.28785	0.26324	-0.42341
282.89291	58.63028	143.90378	25.67285	37.29846	0.26063	-0.40559
283.39360	58.63045	143.90594	25.68057	37.30819	0.25803	-0.38780
283.89430	58.63064	143.90813	25.68892	37.31704	0.25545	-0.37004
284.39499	58.63086	143.91034	25.69787	37.32500	0.25287	-0.35233
284.89569	58.63111	143.91258	25.70739	37.33204	0.25030	-0.33466
285.39638	58.63137	143.91483	25.71745	37.33818	0.24775	-0.31704
285.89708	58.63167	143.91710	25.72804	37.34339	0.24520	-0.29947
286.39777	58.63198	143.91939	25.73914	37.34768	0.24267	-0.28195
286.89847	58.63233	143.92169	25.75072	37.35105	0.24015	-0.26449
287.39917	58.63269	143.92400	25.76278	37.35347	0.23764	-0.24708
287.89986	58.63309	143.92632	25.77529	37.35495	0.23514	-0.22973
288.40056	58.63351	143.92866	25.78824	37.35547	0.23265	-0.21244
288.90125	58.63396	143.93102	25.80160	37.35503	0.23017	-0.19521
289.40195	58.63444	143.93340	25.81536	37.35360	0.22770	-0.17805
289.90264	58.63496	143.93581	25.82949	37.35117	0.22524	-0.16095
290.40334	58.63552	143.93827	25.84397	37.34775	0.22280	-0.14391
290.90403	58.63612	143.94077	25.85878	37.34333	0.22036	-0.12695
291.40473	58.63676	143.94332	25.87388	37.33791	0.21794	-0.11005
291.90542	58.63744	143.94593	25.88925	37.33148	0.21553	-0.09323
292.40612	58.63818	143.94860	25.90485	37.32406	0.21314	-0.07649
292.90682	58.63896	143.95134	25.92067	37.31564	0.21076	-0.05982
293.40751	58.63980	143.95415	25.93669	37.30624	0.20839	-0.04323
293.90821	58.64070	143.95705	25.95288	37.29587	0.20603	-0.02673
294.40890	58.64165	143.96002	25.96923	37.28455	0.20369	-0.01031
294.90960	58.64266	143.96309	25.98574	37.27230	0.20136	0.00602
295.41029	58.64374	143.96625	26.00238	37.25914	0.19905	0.02227
295.91099	58.64488	143.96952	26.01918	37.24509	0.19674	0.03843
296.41168	58.64608	143.97288	26.03614	37.23018	0.19446	0.05450
296.91238	58.64736	143.97636	26.05326	37.21442	0.19218	0.07048
297.41307	58.64870	143.97994	26.07056	37.19781	0.18992	0.08638
297.91377	58.65011	143.98363	26.08806	37.18037	0.18767	0.10218
298.41446	58.65158	143.98742	26.10579	37.16211	0.18544	0.11788
298.91516	58.65313	143.99133	26.12376	37.14301	0.18321	0.13347
299.41586	58.65474	143.99533	26.14200	37.12308	0.18100	0.14895
299.91655	58.65643	143.99944	26.16055	37.10232	0.17880	0.16430
300.41725	58.65818	144.00364	26.17942	37.08072	0.17661	0.17952
300.91794	58.65999	144.00794	26.19864	37.05829	0.17443	0.19460
301.41864	58.66187	144.01232	26.21824	37.03502	0.17226	0.20954
301.91933	58.66381	144.01678	26.23823	37.01092	0.17009	0.22433
302.42003	58.66581	144.02132	26.25866	36.98601	0.16794	0.23896
302.92072	58.66786	144.02593	26.27872	36.95951	0.16578	0.25310
303.42142	58.66997	144.03059	26.30020	36.93302	0.16364	0.26742
303.92211	58.67214	144.03532	26.32217	36.90579	0.16150	0.28159
304.42281	58.67436	144.04009	26.34466	36.87785	0.15936	0.29560
304.92350	58.67662	144.04490	26.36765	36.84920	0.15722	0.30945
305.42420	58.67893	144.04974	26.39116	36.81987	0.15509	0.32313
305.92490	58.68129	144.05460	26.41518	36.78986	0.15297	0.33665
306.42559	58.68368	144.05948	26.43972	36.75919	0.15084	0.35000
306.92629	58.68611	144.06436	26.46476	36.72787	0.14872	0.36319
307.42698	58.68858	144.06923	26.49030	36.69593	0.14660	0.37621
307.92768	58.69108	144.07410	26.51633	36.66337	0.14449	0.38908
308.42837	58.69362	144.07896	26.54285	36.63021	0.14238	0.40179
308.92907	58.69619	144.08380	26.56986	36.59646	0.14027	0.41436
309.42976	58.69879	144.08862	26.59734	36.56213	0.13816	0.42678
309.93046	58.70143	144.09342	26.62530	36.52724	0.13606	0.43905
310.43115	58.70409	144.09820	26.65374	36.49180	0.13395	0.45119
310.93185	58.70679	144.10296	26.68268	36.45584	0.13185	0.46320
311.43255	58.70952	144.10768	26.71213	36.41938	0.12975	0.47508
311.93324	58.71229	144.11239	26.74213	36.38244	0.12765	0.48683
312.43394	58.71508	144.11705	26.77269	36.34503	0.12555	0.49847
312.93463	58.71791	144.12169	26.80385	36.30718	0.12345	0.51000
313.43533	58.72077	144.12628	26.83563	36.26890	0.12134	0.52143
313.93602	58.72365	144.13083	26.86808	36.23020	0.11923	0.53276
314.43672	58.72657	144.13533	26.90122	36.19110	0.11712	0.54401
314.93741	58.72951	144.13977	26.93507	36.15161	0.11501	0.55517
315.43811	58.73247	144.14415	26.96967	36.11176	0.11289	0.56627
315.93880	58.73546	144.14847	27.00503	36.07157	0.11077	0.57731
316.43950	58.73846	144.15271	27.04117	36.03106	0.10864	0.58830
316.94019	58.74149	144.15688	27.07809	35.99026	0.10651	0.59925
317.44089	58.74453	144.16098	27.11578	35.94918	0.10437	0.61017
317.94159	58.74759	144.16501	27.15423	35.90787	0.10223	0.62106
318.44228	58.75066	144.16895	27.19339	35.86632	0.10009	0.63194
318.94298	58.75374	144.17281	27.23621	35.82457	0.09794	0.64281
319.44367	58.75684	144.17659	27.27652	35.78264	0.09579	0.65366
319.94437	58.75994	144.18029	27.31732	35.74053	0.09364	0.66451
320.44506	58.76305	144.18390	27.35857	35.69828	0.09149	0.67535
320.94576	58.76618	144.18743	27.40252	35.65589	0.08934	0.68618
321.44645	58.76931	144.19086	27.44631	35.61338	0.08718	0.69698
321.94715	58.77245	144.19421	27.48988	35.57075	0.08503	0.70778
322.44784	58.77560	144.19747	27.53322	35.52801	0.08288	0.71855
322.94854	58.77875	144.20063	27.57633	35.48515	0.08074	0.72929
323.44924	58.78192	144.20369	27.61925	35.44216	0.07859	0.74025
323.94993	58.78509	144.20665	27.66198	35.40020	0.07645	0.75116
324.45063	58.78816	144.20917	27.70455	35.35795	0.07427	0.76199
324.95132	58.79124	144.21156	27.74699	35.31538	0.07209	0.77273
325.45202	58.79433	144.21380	27.78931	35.27242	0.06993	0.78338
325.95271	58.79743	144.21589	27.83152	35.22907	0.06778	0.79393
326.45341	58.80052	144.21782	27.87364	35.18529	0.06564	0.80437
326.95410	58.80361	144.21960	27.91568	35.14109	0.06350	0.81471
327.45480	58.80670	144.22123	27.95764	35.09645	0.06138	0.82494
327.95549	58.80978	144.22271	27.99954	35.05139	0.05927	0.83507
328.45619	58.81286	144.22406	28.04137	35.00590	0.05718	0.84509
328.95688	58.81593	144.22527	28.08315	34.95999	0.05509	0.85501
329.45758	58.81899	144.22635	28.12486	34.91366	0.05302	0.86483
329.95828	58.82205	144.22730	28.16651	34.86690	0.05096	0.87455
330.45897	58.82510	144.22811	28.20810	34.81974	0.04891	0.88418
330.95967	58.82815	144.22880	28.24962	34.77217	0.04688	0.89370
331.46036	58.83119	144.22936	28.29108	34.72419	0.04486	0.90313
331.96106	58.83423	144.22980	28.33247	34.67581	0.04286	0.91246
332.46175	58.83726	144.23011	28.37379	34.62703	0.04087	0.92170
332.96245	58.84029	144.23030	28.41503	34.57785	0.03890	0.93085
333.46314	58.84331	144.23037	28.45619	34.52828	0.03695	0.93991
333.96384	58.84632	144.23032	28.49727	34.47832	0.03501	0.94888
334.46453	58.84933	144.23014	28.53825	34.42797	0.03310	0.95776
334.96523	58.85234	144.22985	28.57913	34.37724	0.03120	0.96655
335.46592	58.85534	144.22943	28.61991	34.32612	0.02932	0.97525
335.96662	58.85834	144.22889	28.66058	34.27462	0.02746	0.98386
336.46732	58.86133	144.22824	28.70113	34.22274	0.02563	0.99239
336.96801	58.86431	144.22746	28.74156	34.17047	0.02382	1.00083
337.46871	58.86729	144.22656	28.78186	34.11783	0.02203	1.00918
337.96940	58.87027	144.22555	28.82202	34.06481	0.02026	1.01745
338.47010	58.87324	144.22441	28.86203	34.01141	0.01852	1.02564
338.97079	58.87621	144.22315	28.90188	33.95764	0.01680	1.03374
339.47149	58.87917	144.22178	28.94158	33.90349	0.01511	1.04176
339.97218	58.88212	144.22029	28.98111	33.84897	0.01345	1.04969
340.47288	58.88508	144.21867	29.02046	33.79407	0.01181	1.05754
340.97357	58.88802	144.21694	29.05963	33.73880	0.01020	1.06531
341.47427	58.89096	144.21509	29.09860	33.68316	0.00862	1.07299
341.97497	58.89390	144.21312	29.13737	33.62714	0.00707	1.08059
342.47566	58.89683	144.21103	29.17593	33.57075	0.00555	1.08811
342.97636	58.89975	144.20883	29.21428	33.51398	0.00406	1.09555
343.47705	58.90267	144.20650	29.25240	33.45685	0.00261	1.10290
343.97775	58.90559	144.20406	29.29028	33.39933	0.00118	1.11016
344.47844	58.90849	144.20150	29.32792	33.34144	-0.00020	1.11735
344.97914	58.91140	144.19882	29.36532	33.28318	-0.00156	1.12445
345.47983	58.91429	144.19602	29.40245	33.22453	-0.00288	1.13146
345.98053	58.91718	144.19310	29.43931	33.16552	-0.00416	1.13840
346.48122	58.92007	144.19007	29.47589	33.10612	-0.00541	1.14524
346.98192	58.92295	144.18691	29.51219	33.04634	-0.00662	1.15201
347.48261	58.92582	144.18364	29.54819	32.98619	-0.00779	1.15868
347.98331	58.92869	144.18025	29.58389	32.92565	-0.00892	1.16528
348.48401	58.93155	144.17675	29.61928	32.86473	-0.01001	1.17178
348.98470	58.93440	144.17313	29.65435	32.80343	-0.01106	1.17820
349.48540	58.93725	144.16938	29.68908	32.74175	-0.01207	1.18453
349.98609	58.94009	144.16553	29.72348	32.67967	-0.01303	1.19078
350.48679	58.94292	144.16155	29.75753	32.61722	-0.01396	1.19694
350.98748	58.94575	144.15746	29.79122	32.55437	-0.01484	1.20301
351.48818	58.94857	144.15325	29.82454	32.49114	-0.01567	1.20899
351.98887	58.95138	144.14892	29.85749	32.42751	-0.01646	1.21488
352.48957	58.95418	144.14448	29.89005	32.36349	-0.01720	1.22068
352.99026	58.95698	144.13992	29.92223	32.29908	-0.01789	1.22639
353.49096	58.95977	144.13524	29.95400	32.23428	-0.01854	1.23201
353.99166	58.96255	144.13045	29.98537	32.16907	-0.01914	1.23754
354.49235	58.96532	144.12553	30.01632	32.10347	-0.01969	1.24298
354.99305	58.96809	144.12051	30.04684	32.03747	-0.02018	1.24833
355.49374	58.97084	144.11536	30.07694	31.97107	-0.02063	1.25359
355.99444	58.97359	144.11010	30.10660	31.90427	-0.02102	1.25875
356.49513	58.97633	144.10473	30.13582	31.83706	-0.02136	1.26382
356.99583	58.97906	144.09924	30.16459	31.76945	-0.02165	1.26880
357.49652	58.98178	144.09363	30.19290	31.70144	-0.02188	1.27369
357.99722	58.98449	144.08790	30.22075	31.63302	-0.02206	1.27848
358.49791	58.98719	144.08207	30.24814	31.56418	-0.02218	1.28317
358.99861	58.98988	144.07611	30.27504	31.49495	-0.02225	1.28778
359.49930	58.99256	144.07005	30.30148	31.42530	-0.02226	1.29228
360.00000	58.99523	144.06386	30.32742	31.35524	-0.02220	1.29670
