Proj	DSO	DDO	UOffset	VOffset	Pivot	dTeta
0.00000	57.57120	140.45470	28.68171	-61.51913	0.08912	1.75678
0.50070	57.57295	140.45274	28.65458	-61.59944	0.08087	1.74963
1.00139	57.57555	140.44917	28.59573	-61.83485	0.08722	1.72842
1.50209	57.57725	140.44693	28.57000	-61.90977	0.07891	1.72124
2.00278	57.57970	140.44257	28.51730	-62.12974	0.08509	1.70004
2.50348	57.58134	140.44008	28.49293	-62.19972	0.07674	1.69291
3.00417	57.58361	140.43499	28.44626	-62.40530	0.08276	1.67190
3.50487	57.58519	140.43226	28.42322	-62.47052	0.07437	1.66487
4.00556	57.58730	140.42646	28.38242	-62.66199	0.08026	1.64421
4.50626	57.58883	140.42349	28.36062	-62.72236	0.07184	1.63731
5.00695	57.59083	140.41698	28.32538	-62.89922	0.07760	1.61707
5.50765	57.59233	140.41378	28.30470	-62.95442	0.06915	1.61031
6.00834	57.59427	140.40654	28.27471	-63.11549	0.07481	1.59045
6.50904	57.59576	140.40309	28.25510	-63.16507	0.06633	1.58378
7.00974	57.59764	140.39510	28.23030	-63.30921	0.07185	1.56409
7.51043	57.59908	140.39138	28.21186	-63.35317	0.06335	1.55741
8.01113	57.60068	140.38262	28.19297	-63.48245	0.06870	1.53752
8.51182	57.60186	140.37873	28.17641	-63.52439	0.06016	1.53068
9.01252	57.60241	140.36992	28.16606	-63.65930	0.06539	1.51083
9.51321	57.60329	140.36595	28.15120	-63.70565	0.05692	1.50528
10.01391	57.60352	140.35629	28.14411	-63.84373	0.06237	1.49047
10.51460	57.60456	140.35210	28.12763	-63.88685	0.05399	1.48647
11.01530	57.60551	140.34229	28.11523	-64.01449	0.05961	1.47600
11.51599	57.60688	140.33845	28.09498	-64.05360	0.05132	1.47331
12.01669	57.60888	140.33031	28.07301	-64.16906	0.05707	1.46664
12.51739	57.61057	140.32729	28.04913	-64.20427	0.04882	1.46521
13.01808	57.61336	140.32143	28.01958	-64.30932	0.05458	1.46219
13.51878	57.61520	140.31892	27.99329	-64.34175	0.04635	1.46197
14.01947	57.61832	140.31408	27.95864	-64.43893	0.05202	1.46285
14.52017	57.62020	140.31171	27.92958	-64.46873	0.04381	1.46419
15.02086	57.62348	140.30728	27.88845	-64.55839	0.04940	1.46967
15.52156	57.62544	140.30519	27.85727	-64.58613	0.04121	1.47231
16.02225	57.62895	140.30172	27.81437	-64.67086	0.04672	1.48106
16.52295	57.63096	140.30003	27.78350	-64.69775	0.03855	1.48447
17.02364	57.63468	140.29797	27.74459	-64.78153	0.04403	1.49474
17.52434	57.63687	140.29704	27.71470	-64.80911	0.03591	1.49822
18.02503	57.64147	140.29775	27.68033	-64.89619	0.04143	1.50818
18.52573	57.64411	140.29792	27.65108	-64.92552	0.03340	1.51124
19.02643	57.65014	140.30151	27.61941	-65.01789	0.03907	1.51982
19.52712	57.65319	140.30225	27.58990	-65.04893	0.03118	1.52248
20.02782	57.66006	140.30679	27.55836	-65.14638	0.03710	1.52982
20.52851	57.66313	140.30748	27.52751	-65.17931	0.02937	1.53190
21.02921	57.66973	140.31135	27.49299	-65.28284	0.03559	1.53706
21.52990	57.67250	140.31155	27.46043	-65.31836	0.02802	1.53806
22.03060	57.67796	140.31372	27.42334	-65.43098	0.03449	1.53937
22.53129	57.68025	140.31329	27.38984	-65.47025	0.02705	1.53874
23.03199	57.68434	140.31344	27.35243	-65.59397	0.03369	1.53492
23.53268	57.68621	140.31225	27.31850	-65.63666	0.02634	1.53245
24.03338	57.68911	140.30978	27.28117	-65.76889	0.03299	1.52351
24.53408	57.69046	140.30744	27.24638	-65.81348	0.02569	1.51967
25.03477	57.69160	140.30106	27.20794	-65.94972	0.03225	1.50747
25.53547	57.69234	140.29722	27.17211	-65.99470	0.02499	1.50292
26.03616	57.69195	140.28673	27.13174	-66.13067	0.03148	1.48913
26.53686	57.69232	140.28185	27.09407	-66.17484	0.02428	1.48443
27.03755	57.69109	140.26903	27.04922	-66.30705	0.03067	1.47094
27.53825	57.69130	140.26386	27.00909	-66.34913	0.02351	1.46675
28.03894	57.68983	140.25072	26.95805	-66.47407	0.02979	1.45515
28.53964	57.69004	140.24571	26.91525	-66.51338	0.02267	1.45171
29.04033	57.68872	140.23350	26.85830	-66.63087	0.02888	1.44241
29.54103	57.68907	140.22918	26.81298	-66.66849	0.02184	1.43974
30.04172	57.68853	140.21982	26.74970	-66.78206	0.02804	1.43261
30.54242	57.68932	140.21696	26.70132	-66.81859	0.02110	1.43072
31.04312	57.69003	140.21193	26.62987	-66.92883	0.02739	1.42603
31.54381	57.69109	140.21018	26.57828	-66.96409	0.02060	1.42492
32.04451	57.69229	140.20732	26.50089	-67.07000	0.02703	1.42206
32.54520	57.69333	140.20577	26.44806	-67.10364	0.02036	1.42127
33.04590	57.69431	140.20311	26.36997	-67.20500	0.02683	1.41896
33.54659	57.69516	140.20157	26.31693	-67.23768	0.02025	1.41813
34.04729	57.69551	140.19870	26.24017	-67.33789	0.02660	1.41537
34.54798	57.69615	140.19690	26.18731	-67.37133	0.02003	1.41413
35.04868	57.69607	140.19298	26.11345	-67.47600	0.02610	1.40940
35.54937	57.69664	140.19076	26.06158	-67.51190	0.01955	1.40709
36.05007	57.69644	140.18570	25.99255	-67.62345	0.02542	1.39897
36.55076	57.69700	140.18325	25.94177	-67.66115	0.01893	1.39550
37.05146	57.69699	140.17793	25.87690	-67.77687	0.02474	1.38413
37.55216	57.69769	140.17560	25.82683	-67.81566	0.01837	1.37971
38.05285	57.69813	140.17056	25.76608	-67.93530	0.02425	1.36591
38.55355	57.69898	140.16836	25.71760	-67.97578	0.01803	1.36091
39.05424	57.69989	140.16423	25.66359	-68.10005	0.02409	1.34575
39.55494	57.70087	140.16281	25.61702	-68.14148	0.01804	1.34053
40.05563	57.70215	140.16161	25.57000	-68.26674	0.02422	1.32538
40.55633	57.70318	140.16133	25.52518	-68.30760	0.01832	1.32053
41.05702	57.70446	140.16293	25.48413	-68.42991	0.02459	1.30668
41.55772	57.70534	140.16315	25.44045	-68.46935	0.01886	1.30225
42.05841	57.70617	140.16566	25.40332	-68.58679	0.02530	1.28971
42.55911	57.70695	140.16604	25.36025	-68.62422	0.01975	1.28583
43.05981	57.70763	140.16866	25.32561	-68.73501	0.02635	1.27531
43.56050	57.70841	140.16881	25.28276	-68.76991	0.02095	1.27234
44.06120	57.70921	140.17023	25.25090	-68.87350	0.02759	1.26448
44.56189	57.71004	140.16978	25.20911	-68.90644	0.02230	1.26222
45.06259	57.71098	140.16932	25.18276	-69.00510	0.02888	1.25602
45.56328	57.71179	140.16837	25.14315	-69.03714	0.02367	1.25405
46.06398	57.71249	140.16676	25.12498	-69.13593	0.03004	1.24779
46.56467	57.71312	140.16554	25.08753	-69.16973	0.02487	1.24523
47.06537	57.71345	140.16311	25.07555	-69.27573	0.03097	1.23619
47.56606	57.71404	140.16155	25.03908	-69.31265	0.02584	1.23213
48.06676	57.71427	140.15771	25.02959	-69.42814	0.03168	1.21785
48.56745	57.71479	140.15562	24.99254	-69.46815	0.02662	1.21175
49.06815	57.71481	140.15035	24.98124	-69.59164	0.03229	1.19166
49.56885	57.71518	140.14796	24.94330	-69.63357	0.02730	1.18381
50.06954	57.71465	140.14199	24.93231	-69.76109	0.03279	1.15893
50.57024	57.71476	140.13938	24.89513	-69.80392	0.02788	1.14968
51.07093	57.71342	140.13276	24.88817	-69.93402	0.03321	1.12114
51.57163	57.71321	140.12998	24.85203	-69.97762	0.02840	1.11099
52.07232	57.71096	140.12281	24.84870	-70.10894	0.03358	1.08075
52.57302	57.71041	140.11980	24.81306	-70.15207	0.02887	1.07064
53.07371	57.70712	140.11177	24.81119	-70.27980	0.03393	1.04164
53.57441	57.70624	140.10846	24.77500	-70.32086	0.02934	1.03247
54.07510	57.70224	140.09959	24.77135	-70.44143	0.03439	1.00698
54.57580	57.70124	140.09609	24.73399	-70.47965	0.02997	0.99934
55.07650	57.69717	140.08666	24.72842	-70.59169	0.03513	0.97866
55.57719	57.69621	140.08308	24.69048	-70.62704	0.03091	0.97265
56.07789	57.69246	140.07390	24.68440	-70.73075	0.03624	0.95637
56.57858	57.69170	140.07073	24.64623	-70.76342	0.03221	0.95155
57.07928	57.68871	140.06310	24.64107	-70.85898	0.03766	0.93823
57.57997	57.68820	140.06045	24.60307	-70.88888	0.03383	0.93409
58.08067	57.68582	140.05390	24.59859	-70.97681	0.03942	0.92209
58.58136	57.68544	140.05151	24.56008	-71.00476	0.03577	0.91804
59.08206	57.68350	140.04586	24.55442	-71.08840	0.04136	0.90566
59.58275	57.68329	140.04389	24.51514	-71.11582	0.03782	0.90116
60.08345	57.68190	140.03952	24.50783	-71.19968	0.04323	0.88704
60.58414	57.68182	140.03796	24.46798	-71.22799	0.03976	0.88185
61.08484	57.68073	140.03468	24.46163	-71.31499	0.04487	0.86600
61.58554	57.68069	140.03351	24.42301	-71.34429	0.04146	0.86051
62.08623	57.67975	140.03142	24.42312	-71.43281	0.04632	0.84433
62.58693	57.67973	140.03071	24.38738	-71.46209	0.04300	0.83902
63.08762	57.67883	140.02988	24.39702	-71.55053	0.04764	0.82392
63.58832	57.67877	140.02951	24.36406	-71.57975	0.04440	0.81922
64.08901	57.67780	140.02919	24.38144	-71.66707	0.04882	0.80639
64.58971	57.67768	140.02864	24.35019	-71.69545	0.04569	0.80259
65.09040	57.67640	140.02704	24.37143	-71.77985	0.04999	0.79231
65.59110	57.67613	140.02590	24.34065	-71.80716	0.04700	0.78925
66.09179	57.67455	140.02261	24.36423	-71.88795	0.05129	0.78061
66.59249	57.67422	140.02099	24.33428	-71.91396	0.04849	0.77775
67.09318	57.67248	140.01621	24.36011	-71.99219	0.05293	0.76879
67.59388	57.67203	140.01407	24.33014	-72.01841	0.05037	0.76534
68.09458	57.66992	140.00768	24.35532	-72.09883	0.05501	0.75390
68.59527	57.66934	140.00498	24.32459	-72.12629	0.05268	0.74934
69.09597	57.66690	139.99682	24.34787	-72.21082	0.05747	0.73442
69.59666	57.66614	139.99347	24.31631	-72.23994	0.05534	0.72866
70.09736	57.66310	139.98340	24.33712	-72.32929	0.06022	0.71046
70.59805	57.66211	139.97957	24.30429	-72.35989	0.05828	0.70381
71.09875	57.65846	139.96835	24.32137	-72.45250	0.06316	0.68365
71.59944	57.65725	139.96426	24.28717	-72.48353	0.06138	0.67672
72.10014	57.65294	139.95235	24.30126	-72.57638	0.06625	0.65633
72.60083	57.65147	139.94813	24.26643	-72.60719	0.06464	0.64955
73.10153	57.64668	139.93624	24.28010	-72.69821	0.06947	0.63025
73.60223	57.64525	139.93231	24.24535	-72.72750	0.06801	0.62424
74.10292	57.64098	139.92166	24.25864	-72.81163	0.07276	0.60782
74.60362	57.63976	139.91832	24.22286	-72.83763	0.07146	0.60294
75.10431	57.63606	139.90946	24.23165	-72.91110	0.07618	0.58970
75.60501	57.63500	139.90671	24.19369	-72.93352	0.07504	0.58573
76.10570	57.63180	139.89912	24.19628	-72.99762	0.07972	0.57452
76.60640	57.63088	139.89654	24.15631	-73.01762	0.07874	0.57081
77.10709	57.62812	139.88900	24.15324	-73.07601	0.08333	0.55957
77.60779	57.62733	139.88638	24.11151	-73.09484	0.08248	0.55553
78.10848	57.62499	139.87902	24.10428	-73.15172	0.08696	0.54263
78.60918	57.62432	139.87668	24.06144	-73.17112	0.08626	0.53773
79.10987	57.62221	139.87048	24.05178	-73.23141	0.09061	0.52187
79.61057	57.62150	139.86867	24.00864	-73.25276	0.09002	0.51580
80.11127	57.61909	139.86366	23.99899	-73.31944	0.09419	0.49644
80.61196	57.61812	139.86196	23.95622	-73.34281	0.09373	0.48938
81.11266	57.61469	139.85664	23.94872	-73.41385	0.09781	0.46798
81.61335	57.61325	139.85468	23.90713	-73.43810	0.09751	0.46057
82.11405	57.60863	139.84878	23.90431	-73.51071	0.10152	0.43846
82.61474	57.60698	139.84683	23.86510	-73.53488	0.10139	0.43095
83.11544	57.60225	139.84125	23.87096	-73.60573	0.10539	0.40880
83.61613	57.60071	139.83959	23.83535	-73.62887	0.10545	0.40135
84.11683	57.59641	139.83515	23.85307	-73.69685	0.10947	0.37934
84.61752	57.59498	139.83400	23.82206	-73.71925	0.10971	0.37191
85.11822	57.59116	139.83105	23.85366	-73.78522	0.11368	0.34998
85.61892	57.58999	139.83041	23.82730	-73.80715	0.11407	0.34255
86.11961	57.58722	139.82875	23.87161	-73.87231	0.11796	0.32038
86.62031	57.58642	139.82840	23.84898	-73.89415	0.11849	0.31286
87.12100	57.58445	139.82716	23.90209	-73.95896	0.12226	0.29087
87.62170	57.58369	139.82680	23.88148	-73.98074	0.12292	0.28361
88.12239	57.58174	139.82514	23.93940	-74.04504	0.12651	0.26254
88.62309	57.58102	139.82459	23.92050	-74.06641	0.12728	0.25556
89.12378	57.57943	139.82259	23.98421	-74.12959	0.13059	0.23478
89.62448	57.57890	139.82208	23.96760	-74.15103	0.13144	0.22759
90.12517	57.57800	139.82072	24.03713	-74.21548	0.13442	0.20574
90.62587	57.57766	139.82070	24.02207	-74.23769	0.13533	0.19810
91.12656	57.57706	139.82076	24.09409	-74.30465	0.13803	0.17501
91.62726	57.57665	139.82105	24.07922	-74.32787	0.13906	0.16696
92.12796	57.57558	139.82112	24.15105	-74.39778	0.14160	0.14253
92.62865	57.57488	139.82107	24.13634	-74.42188	0.14279	0.13398
93.12935	57.57287	139.81973	24.20837	-74.49310	0.14528	0.10833
93.63004	57.57183	139.81921	24.19382	-74.51688	0.14663	0.09960
94.13074	57.56911	139.81691	24.26673	-74.58516	0.14907	0.07392
94.63143	57.56793	139.81631	24.25337	-74.60728	0.15058	0.06529
95.13213	57.56483	139.81399	24.33021	-74.67035	0.15294	0.03977
95.63282	57.56346	139.81343	24.31832	-74.69063	0.15459	0.03121
96.13352	57.55979	139.81111	24.39866	-74.74801	0.15686	0.00625
96.63421	57.55823	139.81050	24.38800	-74.76647	0.15868	-0.00202
97.13491	57.55417	139.80750	24.47047	-74.81915	0.16094	-0.02612
97.63561	57.55246	139.80643	24.46017	-74.83642	0.16294	-0.03408
98.13630	57.54780	139.80164	24.54177	-74.88608	0.16516	-0.05712
98.63700	57.54579	139.79981	24.53075	-74.90264	0.16731	-0.06471
99.13769	57.54033	139.79249	24.60963	-74.95050	0.16934	-0.08685
99.63839	57.53817	139.78984	24.59837	-74.96638	0.17158	-0.09418
100.13908	57.53274	139.78070	24.67781	-75.01170	0.17332	-0.11572
100.63978	57.53072	139.77779	24.66768	-75.02670	0.17561	-0.12301
101.14047	57.52588	139.76847	24.75015	-75.07008	0.17696	-0.14502
101.64117	57.52408	139.76571	24.74107	-75.08486	0.17932	-0.15274
102.14186	57.52005	139.75710	24.82478	-75.12792	0.18039	-0.17632
102.64256	57.51857	139.75478	24.81601	-75.14257	0.18287	-0.18455
103.14325	57.51534	139.74753	24.90028	-75.18439	0.18390	-0.20889
103.64395	57.51397	139.74560	24.89218	-75.19817	0.18657	-0.21695
104.14465	57.51078	139.73910	24.97763	-75.23678	0.18768	-0.24021
104.64534	57.50929	139.73725	24.97012	-75.24942	0.19056	-0.24780
105.14604	57.50580	139.73085	25.05671	-75.28422	0.19174	-0.26949
105.64673	57.50423	139.72916	25.04999	-75.29544	0.19481	-0.27648
106.14743	57.50067	139.72377	25.13854	-75.32635	0.19596	-0.29644
106.64812	57.49911	139.72268	25.13306	-75.33646	0.19917	-0.30288
107.14882	57.49575	139.71955	25.22517	-75.36392	0.20019	-0.32132
107.64951	57.49432	139.71948	25.22125	-75.37275	0.20353	-0.32727
108.15021	57.49150	139.71948	25.31541	-75.39632	0.20442	-0.34427
108.65090	57.49025	139.72041	25.31177	-75.40398	0.20788	-0.34974
109.15160	57.48796	139.72313	25.40549	-75.42464	0.20864	-0.36541
109.65229	57.48688	139.72494	25.40207	-75.43169	0.21223	-0.37051
110.15299	57.48507	139.72987	25.49613	-75.45160	0.21282	-0.38569
110.65369	57.48415	139.73222	25.49363	-75.45873	0.21652	-0.39097
111.15438	57.48293	139.73799	25.59039	-75.47839	0.21689	-0.40716
111.65508	57.48216	139.74028	25.58921	-75.48502	0.22066	-0.41282
112.15577	57.48126	139.74533	25.68774	-75.50178	0.22073	-0.42971
112.65647	57.48056	139.74732	25.68710	-75.50687	0.22459	-0.43540
113.15716	57.48014	139.75159	25.78578	-75.51775	0.22443	-0.45204
113.65786	57.47970	139.75337	25.78546	-75.52055	0.22840	-0.45757
114.15855	57.48000	139.75676	25.88358	-75.52513	0.22815	-0.47377
114.65925	57.47968	139.75814	25.88334	-75.52619	0.23229	-0.47917
115.15994	57.48003	139.76019	25.98068	-75.52676	0.23211	-0.49509
115.66064	57.47958	139.76110	25.98059	-75.52709	0.23646	-0.50048
116.16134	57.47944	139.76162	26.07776	-75.52674	0.23645	-0.51664
116.66203	57.47878	139.76197	26.07826	-75.52722	0.24101	-0.52224
117.16273	57.47800	139.76076	26.17581	-75.52886	0.24106	-0.53940
117.66342	57.47709	139.76054	26.17651	-75.53080	0.24577	-0.54550
118.16412	57.47567	139.75784	26.27211	-75.53803	0.24571	-0.56425
118.66481	57.47457	139.75730	26.27199	-75.54229	0.25052	-0.57092
119.16551	57.47267	139.75393	26.36255	-75.55656	0.25021	-0.59132
119.66620	57.47143	139.75324	26.36056	-75.56326	0.25509	-0.59850
120.16690	57.46934	139.74948	26.44339	-75.58475	0.25451	-0.62054
120.66759	57.46809	139.74871	26.43899	-75.59378	0.25946	-0.62838
121.16829	57.46606	139.74463	26.51383	-75.62180	0.25868	-0.65283
121.66898	57.46481	139.74368	26.50766	-75.63296	0.26374	-0.66161
122.16968	57.46266	139.73883	26.57763	-75.66623	0.26284	-0.68850
122.67038	57.46132	139.73764	26.57087	-75.67855	0.26801	-0.69789
123.17107	57.45895	139.73218	26.63873	-75.71327	0.26699	-0.72606
123.67177	57.45753	139.73088	26.63201	-75.72537	0.27228	-0.73575
124.17246	57.45501	139.72536	26.69825	-75.75805	0.27110	-0.76469
124.67316	57.45358	139.72416	26.69108	-75.76889	0.27648	-0.77451
125.17385	57.45121	139.71910	26.75366	-75.79597	0.27508	-0.80317
125.67455	57.44985	139.71814	26.74564	-75.80422	0.28051	-0.81264
126.17524	57.44774	139.71425	26.80508	-75.82259	0.27886	-0.83978
126.67594	57.44645	139.71392	26.79686	-75.82758	0.28438	-0.84852
127.17663	57.44457	139.71213	26.85602	-75.83560	0.28258	-0.87324
127.67733	57.44338	139.71259	26.84911	-75.83698	0.28821	-0.88117
128.17803	57.44190	139.71310	26.91243	-75.83459	0.28630	-0.90368
128.67872	57.44084	139.71431	26.90793	-75.83263	0.29203	-0.91090
129.17942	57.43981	139.71686	26.97660	-75.82063	0.28998	-0.93112
129.68011	57.43894	139.71871	26.97391	-75.81545	0.29580	-0.93743
130.18081	57.43863	139.72304	27.04515	-75.79424	0.29353	-0.95487
130.68150	57.43800	139.72545	27.04364	-75.78642	0.29939	-0.96036
131.18220	57.43834	139.73104	27.11640	-75.75926	0.29676	-0.97617
131.68289	57.43787	139.73369	27.11570	-75.75019	0.30262	-0.98145
132.18359	57.43861	139.73958	27.18834	-75.72084	0.29962	-0.99745
132.68428	57.43823	139.74222	27.18781	-75.71162	0.30551	-1.00309
133.18498	57.43905	139.74751	27.25933	-75.68293	0.30228	-1.02051
133.68567	57.43861	139.74972	27.25900	-75.67429	0.30826	-1.02668
134.18637	57.43908	139.75342	27.32948	-75.64751	0.30499	-1.04559
134.68707	57.43844	139.75504	27.32921	-75.63950	0.31111	-1.05219
135.18776	57.43829	139.75706	27.39639	-75.61431	0.30786	-1.07204
135.68846	57.43740	139.75820	27.39469	-75.60680	0.31411	-1.07887
136.18915	57.43659	139.75888	27.45407	-75.58279	0.31084	-1.09943
136.68985	57.43548	139.75961	27.44972	-75.57550	0.31721	-1.10649
137.19054	57.43405	139.75923	27.50009	-75.55101	0.31392	-1.12746
137.69124	57.43271	139.75964	27.49384	-75.54313	0.32041	-1.13452
138.19193	57.43064	139.75833	27.53922	-75.51597	0.31714	-1.15484
138.69263	57.42916	139.75851	27.53278	-75.50665	0.32377	-1.16135
139.19332	57.42703	139.75708	27.57665	-75.47302	0.32055	-1.17915
139.69402	57.42564	139.75750	27.57028	-75.46081	0.32733	-1.18456
140.19471	57.42393	139.75712	27.61316	-75.41810	0.32416	-1.19903
140.69541	57.42267	139.75791	27.60744	-75.40294	0.33105	-1.20342
141.19611	57.42133	139.75821	27.65081	-75.35235	0.32782	-1.21547
141.69680	57.42017	139.75908	27.64585	-75.33482	0.33479	-1.21921
142.19750	57.41893	139.75923	27.68952	-75.27788	0.33137	-1.22959
142.69819	57.41772	139.75997	27.68510	-75.25861	0.33837	-1.23289
143.19889	57.41627	139.75977	27.72700	-75.19809	0.33464	-1.24240
143.69958	57.41497	139.76043	27.72198	-75.17828	0.34161	-1.24560
144.20028	57.41333	139.75995	27.75965	-75.11831	0.33744	-1.25558
144.70097	57.41199	139.76046	27.75369	-75.09955	0.34437	-1.25922
145.20167	57.41032	139.75935	27.78576	-75.04294	0.33984	-1.27046
145.70236	57.40899	139.75966	27.77799	-75.02493	0.34679	-1.27436
146.20306	57.40749	139.75813	27.80115	-74.96841	0.34210	-1.28574
146.70376	57.40624	139.75845	27.79057	-74.94965	0.34913	-1.28946
147.20445	57.40502	139.75736	27.80439	-74.88949	0.34441	-1.29999
147.70515	57.40384	139.75788	27.79180	-74.86909	0.35155	-1.30336
148.20584	57.40261	139.75684	27.79903	-74.80310	0.34688	-1.31257
148.70654	57.40134	139.75717	27.78532	-74.78052	0.35414	-1.31541
149.20723	57.39970	139.75562	27.78848	-74.70788	0.34965	-1.32282
149.70793	57.39823	139.75586	27.77442	-74.68294	0.35710	-1.32492
150.20862	57.39592	139.75420	27.77598	-74.60265	0.35283	-1.32986
150.70932	57.39424	139.75451	27.76260	-74.57484	0.36043	-1.33101
151.21001	57.39160	139.75333	27.76560	-74.48527	0.35626	-1.33302
151.71071	57.38992	139.75389	27.75374	-74.45410	0.36396	-1.33320
152.21140	57.38757	139.75361	27.75940	-74.35440	0.35979	-1.33256
152.71210	57.38606	139.75459	27.74905	-74.31988	0.36758	-1.33194
153.21280	57.38435	139.75583	27.75668	-74.21186	0.36341	-1.32962
153.71349	57.38304	139.75729	27.74749	-74.17542	0.37128	-1.32878
154.21419	57.38161	139.75920	27.75695	-74.06467	0.36709	-1.32670
154.71488	57.38024	139.76060	27.74919	-74.02836	0.37500	-1.32622
155.21558	57.37854	139.76207	27.76114	-73.91932	0.37060	-1.32540
155.71627	57.37711	139.76336	27.75485	-73.88373	0.37848	-1.32533
156.21697	57.37545	139.76491	27.76890	-73.77627	0.37370	-1.32557
156.71766	57.37413	139.76640	27.76416	-73.74106	0.38154	-1.32582
157.21836	57.37305	139.76870	27.78252	-73.63441	0.37649	-1.32697
157.71905	57.37195	139.77044	27.78034	-73.59938	0.38434	-1.32753
158.21975	57.37135	139.77298	27.80344	-73.49265	0.37921	-1.32948
158.72045	57.37031	139.77456	27.80319	-73.45729	0.38714	-1.33019
159.22114	57.36960	139.77615	27.82887	-73.34880	0.38210	-1.33219
159.72184	57.36844	139.77733	27.82951	-73.31257	0.39015	-1.33274
160.22253	57.36722	139.77778	27.85283	-73.20105	0.38529	-1.33363
160.72323	57.36583	139.77860	27.85237	-73.16375	0.39347	-1.33364
161.22392	57.36375	139.77789	27.86950	-73.04929	0.38879	-1.33280
161.72462	57.36202	139.77830	27.86764	-73.01112	0.39709	-1.33221
162.22531	57.35898	139.77649	27.87882	-72.89468	0.39256	-1.32981
162.72601	57.35699	139.77663	27.87550	-72.85619	0.40095	-1.32883
163.22670	57.35362	139.77478	27.87937	-72.74007	0.39647	-1.32582
163.72740	57.35165	139.77516	27.87392	-72.70210	0.40491	-1.32482
164.22809	57.34842	139.77394	27.86766	-72.58826	0.40035	-1.32196
164.72879	57.34646	139.77442	27.85874	-72.55124	0.40880	-1.32102
165.22949	57.34309	139.77313	27.83807	-72.44007	0.40413	-1.31830
165.73018	57.34104	139.77350	27.82439	-72.40382	0.41259	-1.31744
166.23088	57.33732	139.77176	27.78872	-72.29445	0.40782	-1.31521
166.73157	57.33512	139.77195	27.77169	-72.25871	0.41628	-1.31461
167.23227	57.33094	139.76979	27.72910	-72.15106	0.41132	-1.31342
167.73296	57.32862	139.76991	27.71215	-72.11597	0.41975	-1.31323
168.23366	57.32446	139.76782	27.67045	-72.00985	0.41464	-1.31325
168.73435	57.32227	139.76803	27.65518	-71.97507	0.42309	-1.31349
169.23505	57.31865	139.76647	27.61726	-71.86972	0.41796	-1.31489
169.73574	57.31665	139.76700	27.60402	-71.83539	0.42647	-1.31565
170.23644	57.31362	139.76651	27.56953	-71.73196	0.42149	-1.31866
170.73713	57.31185	139.76735	27.55805	-71.69811	0.43009	-1.31989
171.23783	57.30956	139.76746	27.52674	-71.59358	0.42525	-1.32347
171.73853	57.30806	139.76846	27.51698	-71.55837	0.43391	-1.32453
172.23922	57.30661	139.76926	27.48851	-71.44789	0.42913	-1.32669
172.73992	57.30539	139.77056	27.48049	-71.41031	0.43783	-1.32703
173.24061	57.30476	139.77259	27.45607	-71.29307	0.43311	-1.32698
173.74131	57.30381	139.77444	27.45044	-71.25347	0.44185	-1.32666
174.24200	57.30373	139.77803	27.43114	-71.13200	0.43711	-1.32533
174.74270	57.30283	139.78026	27.42775	-71.09170	0.44584	-1.32485
175.24339	57.30249	139.78430	27.41224	-70.97037	0.44092	-1.32388
175.74409	57.30141	139.78653	27.41060	-70.93075	0.44958	-1.32379
176.24478	57.30053	139.79079	27.39748	-70.81181	0.44435	-1.32424
176.74548	57.29932	139.79321	27.39716	-70.77283	0.45291	-1.32460
177.24618	57.29830	139.79831	27.38539	-70.65469	0.44735	-1.32607
177.74687	57.29711	139.80106	27.38601	-70.61566	0.45581	-1.32669
178.24757	57.29607	139.80706	27.37486	-70.49766	0.45006	-1.32910
178.74826	57.29482	139.81006	27.37641	-70.45905	0.45852	-1.33017
179.24896	57.29342	139.81643	27.36529	-70.34442	0.45286	-1.33444
179.74965	57.29201	139.81943	27.36724	-70.30761	0.46138	-1.33630
180.25035	57.29023	139.82561	27.35409	-70.19943	0.45588	-1.34302
180.75104	57.28873	139.82849	27.35562	-70.16497	0.46445	-1.34566
181.25174	57.28678	139.83412	27.33840	-70.06301	0.45904	-1.35437
181.75243	57.28527	139.83677	27.33914	-70.03031	0.46763	-1.35759
182.25313	57.28343	139.84182	27.31808	-69.93174	0.46228	-1.36763
182.75382	57.28203	139.84430	27.31848	-69.89935	0.47088	-1.37111
183.25452	57.28076	139.84899	27.29555	-69.79917	0.46554	-1.38094
183.75522	57.27960	139.85138	27.29641	-69.76565	0.47412	-1.38401
184.25591	57.27894	139.85550	27.27391	-69.66172	0.46871	-1.39199
184.75661	57.27794	139.85757	27.27557	-69.62689	0.47725	-1.39429
185.25730	57.27746	139.86054	27.25151	-69.51933	0.47175	-1.39987
185.75800	57.27640	139.86215	27.25285	-69.48346	0.48025	-1.40140
186.25869	57.27538	139.86396	27.22529	-69.37412	0.47467	-1.40519
186.75939	57.27409	139.86528	27.22609	-69.33796	0.48312	-1.40625
187.26008	57.27252	139.86626	27.19564	-69.22711	0.47742	-1.40867
187.76078	57.27111	139.86725	27.19648	-69.19003	0.48579	-1.40926
188.26147	57.26931	139.86742	27.16501	-69.07571	0.47987	-1.41050
188.76217	57.26786	139.86823	27.16635	-69.03751	0.48813	-1.41081
189.26287	57.26596	139.86812	27.13455	-68.92116	0.48199	-1.41142
189.76356	57.26448	139.86894	27.13646	-68.88254	0.49018	-1.41152
190.26426	57.26242	139.86916	27.10362	-68.76543	0.48396	-1.41168
190.76495	57.26085	139.87012	27.10547	-68.72682	0.49211	-1.41175
191.26565	57.25844	139.87080	27.06943	-68.61074	0.48588	-1.41263
191.76634	57.25676	139.87192	27.07069	-68.57271	0.49400	-1.41325
192.26704	57.25413	139.87332	27.03266	-68.45863	0.48779	-1.41655
192.76773	57.25245	139.87480	27.03458	-68.42125	0.49588	-1.41813
193.26843	57.25012	139.87755	26.99781	-68.30832	0.48973	-1.42385
193.76912	57.24864	139.87951	27.00103	-68.27104	0.49780	-1.42608
194.26982	57.24708	139.88369	26.96666	-68.15833	0.49168	-1.43355
194.77051	57.24588	139.88613	26.97159	-68.12127	0.49972	-1.43635
195.27121	57.24501	139.89161	26.94139	-68.01021	0.49361	-1.44554
195.77191	57.24402	139.89439	26.94847	-67.97393	0.50161	-1.44890
196.27260	57.24368	139.90013	26.92097	-67.86515	0.49551	-1.45923
196.77330	57.24286	139.90274	26.92890	-67.82952	0.50345	-1.46276
197.27399	57.24284	139.90757	26.90014	-67.72202	0.49730	-1.47281
197.77469	57.24209	139.90981	26.90796	-67.68660	0.50517	-1.47602
198.27538	57.24220	139.91379	26.87765	-67.57903	0.49898	-1.48450
198.77608	57.24150	139.91584	26.88585	-67.54335	0.50678	-1.48701
199.27677	57.24178	139.91950	26.85600	-67.43412	0.50053	-1.49308
199.77747	57.24115	139.92150	26.86533	-67.39761	0.50824	-1.49475
200.27816	57.24161	139.92522	26.83785	-67.28620	0.50184	-1.49884
200.77886	57.24101	139.92724	26.84885	-67.24929	0.50942	-1.50007
201.27955	57.24127	139.93089	26.82502	-67.13824	0.50283	-1.50354
201.78025	57.24053	139.93288	26.83782	-67.10166	0.51030	-1.50462
202.28095	57.24010	139.93689	26.81669	-66.99092	0.50361	-1.50738
202.78164	57.23908	139.93916	26.83072	-66.95420	0.51100	-1.50819
203.28234	57.23803	139.94453	26.81013	-66.84269	0.50439	-1.51042
203.78303	57.23690	139.94735	26.82453	-66.80564	0.51176	-1.51118
204.28373	57.23565	139.95415	26.80202	-66.69382	0.50535	-1.51402
204.78442	57.23450	139.95735	26.81604	-66.65698	0.51273	-1.51523
205.28512	57.23319	139.96503	26.78986	-66.54761	0.50658	-1.51997
205.78581	57.23203	139.96842	26.80300	-66.51214	0.51398	-1.52197
206.28651	57.23077	139.97640	26.77152	-66.40727	0.50808	-1.52912
206.78720	57.22968	139.97979	26.78314	-66.37318	0.51548	-1.53189
207.28790	57.22872	139.98773	26.74470	-66.27197	0.50970	-1.54119
207.78860	57.22777	139.99113	26.75440	-66.23892	0.51702	-1.54462
208.28929	57.22724	139.99889	26.70906	-66.13917	0.51121	-1.55540
208.78999	57.22644	140.00204	26.71722	-66.10604	0.51842	-1.55917
209.29068	57.22621	140.00813	26.66606	-66.00443	0.51249	-1.57010
209.79138	57.22547	140.01046	26.67269	-65.97024	0.51956	-1.57363
210.29207	57.22512	140.01402	26.61461	-65.86493	0.51342	-1.58319
210.79277	57.22430	140.01555	26.61945	-65.82941	0.52031	-1.58612
211.29346	57.22391	140.01771	26.55579	-65.72037	0.51391	-1.59377
211.79416	57.22317	140.01906	26.55969	-65.68374	0.52063	-1.59606
212.29485	57.22305	140.02122	26.49226	-65.57253	0.51405	-1.60201
212.79555	57.22241	140.02267	26.49546	-65.53550	0.52063	-1.60381
213.29624	57.22247	140.02535	26.42487	-65.42441	0.51394	-1.60867
213.79694	57.22186	140.02701	26.42779	-65.38773	0.52040	-1.61021
214.29764	57.22192	140.03068	26.35538	-65.27792	0.51374	-1.61446
214.79833	57.22132	140.03278	26.35833	-65.24165	0.52013	-1.61582
215.29903	57.22172	140.03824	26.28537	-65.13264	0.51358	-1.61978
215.79972	57.22135	140.04105	26.28903	-65.09641	0.51990	-1.62113
216.30042	57.22250	140.04891	26.21785	-64.98730	0.51343	-1.62535
216.80111	57.22240	140.05258	26.22284	-64.95106	0.51968	-1.62683
217.30181	57.22413	140.06276	26.15461	-64.84265	0.51326	-1.63126
217.80250	57.22415	140.06704	26.16124	-64.80692	0.51941	-1.63279
218.30320	57.22601	140.07843	26.09779	-64.70040	0.51305	-1.63712
218.80389	57.22607	140.08301	26.10698	-64.66514	0.51910	-1.63847
219.30459	57.22801	140.09533	26.05098	-64.55944	0.51275	-1.64190
219.80529	57.22812	140.10021	26.06344	-64.52437	0.51868	-1.64289
220.30598	57.23015	140.11320	26.01609	-64.41942	0.51226	-1.64530
220.80668	57.23026	140.11813	26.03198	-64.38465	0.51804	-1.64600
221.30737	57.23210	140.13032	25.99318	-64.28080	0.51144	-1.64778
221.80807	57.23213	140.13474	26.01220	-64.24651	0.51701	-1.64836
222.30876	57.23373	140.14539	25.97841	-64.14498	0.51012	-1.65037
222.80946	57.23370	140.14934	25.99848	-64.11174	0.51548	-1.65118
223.31015	57.23502	140.15893	25.96324	-64.01545	0.50836	-1.65444
223.81085	57.23489	140.16259	25.98257	-63.98468	0.51353	-1.65586
224.31154	57.23589	140.17172	25.94350	-63.89767	0.50626	-1.66178
224.81224	57.23568	140.17529	25.96211	-63.87029	0.51126	-1.66430
225.31293	57.23635	140.18378	25.92004	-63.79257	0.50393	-1.67392
225.81363	57.23601	140.18694	25.93803	-63.76811	0.50880	-1.67788
226.31433	57.23627	140.19376	25.89259	-63.69871	0.50147	-1.69240
226.81502	57.23584	140.19628	25.90980	-63.67684	0.50622	-1.69806
227.31572	57.23612	140.20137	25.86171	-63.61300	0.49894	-1.71627
227.81641	57.23580	140.20331	25.87880	-63.59213	0.50359	-1.72260
228.31711	57.23632	140.20656	25.83045	-63.52866	0.49642	-1.74086
228.81780	57.23601	140.20782	25.84811	-63.50731	0.50096	-1.74682
229.31850	57.23603	140.20895	25.80076	-63.44083	0.49387	-1.76326
229.81919	57.23544	140.20944	25.81918	-63.41811	0.49830	-1.76844
230.31989	57.23436	140.20844	25.77273	-63.34649	0.49126	-1.78172
230.82058	57.23340	140.20827	25.79167	-63.32168	0.49556	-1.78558
231.32128	57.23158	140.20597	25.74499	-63.24271	0.48856	-1.79444
231.82197	57.23055	140.20554	25.76402	-63.21506	0.49274	-1.79672
232.32267	57.22902	140.20310	25.71660	-63.12684	0.48573	-1.80061
232.82337	57.22815	140.20275	25.73582	-63.09603	0.48975	-1.80118
233.32406	57.22687	140.20114	25.68811	-62.99993	0.48266	-1.80034
233.82476	57.22605	140.20122	25.70751	-62.96682	0.48649	-1.79939
234.32545	57.22457	140.20097	25.65873	-62.86527	0.47928	-1.79433
234.82615	57.22361	140.20139	25.67798	-62.83065	0.48293	-1.79202
235.32684	57.22151	140.20150	25.62823	-62.72566	0.47564	-1.78317
235.82754	57.22030	140.20187	25.64750	-62.69020	0.47913	-1.77974
236.32823	57.21721	140.20160	25.59603	-62.58440	0.47186	-1.76863
236.82893	57.21568	140.20182	25.61484	-62.54889	0.47523	-1.76464
237.32962	57.21190	140.20113	25.56152	-62.44292	0.46811	-1.75215
237.83032	57.21022	140.20115	25.58023	-62.40734	0.47138	-1.74774
238.33102	57.20625	140.19995	25.52653	-62.30170	0.46442	-1.73433
238.83171	57.20462	140.19985	25.54545	-62.26644	0.46759	-1.72975
239.33241	57.20117	140.19851	25.49259	-62.16231	0.46079	-1.71594
239.83310	57.19981	140.19835	25.51263	-62.12758	0.46386	-1.71118
240.33380	57.19717	140.19696	25.46508	-62.02493	0.45722	-1.69669
240.83449	57.19611	140.19687	25.48770	-61.99050	0.46018	-1.69163
241.33519	57.19431	140.19658	25.44685	-61.88657	0.45362	-1.67569
241.83588	57.19353	140.19703	25.47167	-61.85107	0.45645	-1.67001
242.33658	57.19236	140.19835	25.43448	-61.74347	0.44997	-1.65225
242.83727	57.19178	140.19930	25.46022	-61.70694	0.45266	-1.64603
243.33797	57.19132	140.20223	25.42422	-61.59840	0.44624	-1.62706
243.83866	57.19104	140.20371	25.45062	-61.56200	0.44878	-1.62051
244.33936	57.19140	140.20807	25.41735	-61.45529	0.44238	-1.60062
244.84006	57.19136	140.20994	25.44522	-61.41981	0.44475	-1.59375
245.34075	57.19202	140.21512	25.41565	-61.31677	0.43829	-1.57279
245.84145	57.19201	140.21713	25.44478	-61.28257	0.44046	-1.56547
246.34214	57.19232	140.22162	25.41681	-61.18295	0.43386	-1.54277
246.84284	57.19212	140.22309	25.44620	-61.14972	0.43584	-1.53479
247.34353	57.19178	140.22557	25.41661	-61.05083	0.42928	-1.50961
247.84423	57.19140	140.22632	25.44497	-61.01715	0.43114	-1.50064
248.34492	57.19075	140.22723	25.40755	-60.91446	0.42488	-1.47224
248.84562	57.19033	140.22756	25.43228	-60.87901	0.42671	-1.46221
249.34631	57.18954	140.22746	25.38188	-60.77166	0.42086	-1.43159
249.84701	57.18906	140.22745	25.40223	-60.73503	0.42265	-1.42110
250.34771	57.18811	140.22673	25.33889	-60.62654	0.41720	-1.38996
250.84840	57.18763	140.22662	25.35537	-60.59006	0.41894	-1.37945
251.34910	57.18651	140.22584	25.28241	-60.48445	0.41377	-1.34900
251.84979	57.18596	140.22571	25.29626	-60.44946	0.41541	-1.33897
252.35049	57.18448	140.22464	25.21643	-60.35002	0.41037	-1.31092
252.85118	57.18377	140.22427	25.22832	-60.31748	0.41188	-1.30184
253.35188	57.18159	140.22184	25.14364	-60.22490	0.40699	-1.27600
253.85257	57.18065	140.22083	25.15438	-60.19431	0.40838	-1.26743
254.35327	57.17767	140.21610	25.06700	-60.10702	0.40365	-1.24261
254.85396	57.17644	140.21427	25.07701	-60.07826	0.40491	-1.23438
255.35466	57.17249	140.20768	24.98713	-59.99731	0.40025	-1.21087
255.85535	57.17094	140.20534	24.99641	-59.97085	0.40135	-1.20309
256.35605	57.16623	140.19764	24.90558	-59.89586	0.39673	-1.18019
256.85675	57.16452	140.19498	24.91506	-59.87098	0.39767	-1.17239
257.35744	57.15980	140.18674	24.82661	-59.79859	0.39310	-1.14854
257.85814	57.15825	140.18402	24.83736	-59.77393	0.39388	-1.14020
258.35883	57.15434	140.17629	24.75310	-59.69898	0.38942	-1.11387
258.85953	57.15314	140.17385	24.76532	-59.67273	0.39008	-1.10453
259.36022	57.15031	140.16724	24.68623	-59.59213	0.38591	-1.07521
259.86092	57.14948	140.16518	24.70065	-59.56394	0.38651	-1.06490
260.36161	57.14747	140.15941	24.62966	-59.47908	0.38272	-1.03326
260.86231	57.14686	140.15755	24.64699	-59.44988	0.38327	-1.02235
261.36300	57.14532	140.15285	24.58388	-59.36404	0.37979	-0.98969
261.86370	57.14488	140.15151	24.60367	-59.33491	0.38023	-0.97861
262.36439	57.14378	140.14880	24.54670	-59.25071	0.37680	-0.94574
262.86509	57.14347	140.14815	24.56830	-59.22248	0.37705	-0.93462
263.36579	57.14266	140.14762	24.51650	-59.14192	0.37350	-0.90180
263.86648	57.14249	140.14773	24.53991	-59.11486	0.37352	-0.89069
264.36718	57.14216	140.14944	24.49389	-59.03685	0.36988	-0.85758
264.86787	57.14218	140.15026	24.51903	-59.01048	0.36971	-0.84631
265.36857	57.14230	140.15376	24.47635	-58.93497	0.36613	-0.81290
265.86926	57.14246	140.15506	24.50219	-58.90962	0.36582	-0.80165
266.36996	57.14281	140.15970	24.46172	-58.83791	0.36239	-0.76874
266.87065	57.14307	140.16135	24.48826	-58.81390	0.36195	-0.75769
267.37135	57.14377	140.16726	24.44981	-58.74550	0.35868	-0.72517
267.87204	57.14415	140.16930	24.47690	-58.72240	0.35810	-0.71423
268.37274	57.14492	140.17607	24.43953	-58.65595	0.35490	-0.68225
268.87344	57.14527	140.17831	24.46671	-58.63323	0.35417	-0.67153
269.37413	57.14573	140.18499	24.43027	-58.56746	0.35114	-0.64014
269.87483	57.14596	140.18696	24.45794	-58.54493	0.35031	-0.62962
270.37552	57.14600	140.19187	24.42516	-58.48113	0.34755	-0.59959
270.87622	57.14612	140.19301	24.45440	-58.45976	0.34663	-0.58978
271.37691	57.14563	140.19487	24.42699	-58.40167	0.34410	-0.56251
271.87761	57.14548	140.19485	24.45782	-58.38277	0.34306	-0.55373
272.37830	57.14372	140.19354	24.43492	-58.33385	0.34069	-0.52954
272.87900	57.14312	140.19258	24.46709	-58.31814	0.33950	-0.52170
273.37969	57.14027	140.18932	24.44893	-58.27695	0.33719	-0.49887
273.88039	57.13941	140.18786	24.48258	-58.26335	0.33585	-0.49113
274.38108	57.13628	140.18435	24.46882	-58.22639	0.33355	-0.46748
274.88178	57.13548	140.18308	24.50366	-58.21365	0.33201	-0.45923
275.38248	57.13299	140.18082	24.49308	-58.17711	0.32973	-0.43319
275.88317	57.13252	140.18005	24.52862	-58.16412	0.32803	-0.42397
276.38387	57.13117	140.17937	24.51925	-58.12666	0.32594	-0.39502
276.88456	57.13110	140.17912	24.55455	-58.11348	0.32415	-0.38491
277.38526	57.13051	140.18020	24.54369	-58.07751	0.32233	-0.35462
277.88595	57.13063	140.18057	24.57822	-58.06521	0.32046	-0.34439
278.38665	57.13052	140.18344	24.56593	-58.03171	0.31894	-0.31453
278.88734	57.13080	140.18433	24.59974	-58.01998	0.31698	-0.30453
279.38804	57.13100	140.18839	24.58574	-57.98629	0.31571	-0.27493
279.88873	57.13134	140.18963	24.61885	-57.97406	0.31364	-0.26486
280.38943	57.13112	140.19459	24.60423	-57.93834	0.31253	-0.23463
280.89013	57.13120	140.19598	24.63703	-57.92545	0.31033	-0.22433
281.39082	57.13008	140.20072	24.62203	-57.88840	0.30943	-0.19382
281.89152	57.12995	140.20193	24.65437	-57.87507	0.30715	-0.18355
282.39221	57.12855	140.20594	24.63897	-57.83725	0.30656	-0.15392
282.89291	57.12842	140.20688	24.67112	-57.82385	0.30421	-0.14410
283.39360	57.12725	140.21023	24.65695	-57.78613	0.30385	-0.11559
283.89430	57.12726	140.21095	24.68938	-57.77268	0.30138	-0.10600
284.39499	57.12654	140.21387	24.67778	-57.73505	0.30112	-0.07752
284.89569	57.12670	140.21445	24.71112	-57.72174	0.29848	-0.06781
285.39638	57.12637	140.21713	24.70419	-57.68483	0.29818	-0.03792
285.89708	57.12671	140.21764	24.73896	-57.67177	0.29533	-0.02748
286.39777	57.12718	140.22028	24.73717	-57.63675	0.29497	0.00475
286.89847	57.12787	140.22084	24.77336	-57.62459	0.29193	0.01591
287.39917	57.12953	140.22421	24.77629	-57.59241	0.29152	0.04997
287.89986	57.13065	140.22513	24.81354	-57.58110	0.28830	0.06172
288.40056	57.13356	140.23018	24.81895	-57.55090	0.28796	0.09765
288.90125	57.13511	140.23178	24.85648	-57.54025	0.28461	0.11003
289.40195	57.13895	140.23882	24.86413	-57.51204	0.28446	0.14777
289.90264	57.14072	140.24095	24.90233	-57.50196	0.28102	0.16077
290.40334	57.14472	140.24890	24.91350	-57.47599	0.28113	0.20012
290.90403	57.14648	140.25127	24.95249	-57.46686	0.27761	0.21355
291.40473	57.15016	140.25993	24.96648	-57.44446	0.27793	0.25355
291.90542	57.15179	140.26246	25.00594	-57.43657	0.27430	0.26712
292.40612	57.15505	140.27130	25.02085	-57.41791	0.27480	0.30728
292.90682	57.15656	140.27383	25.05987	-57.41132	0.27106	0.32081
293.40751	57.15942	140.28255	25.07402	-57.39797	0.27173	0.35985
293.90821	57.16077	140.28496	25.11241	-57.39360	0.26786	0.37274
294.40890	57.16320	140.29319	25.12622	-57.38829	0.26864	0.40884
294.90960	57.16451	140.29544	25.16417	-57.38667	0.26465	0.42057
295.41029	57.16705	140.30344	25.17626	-57.38854	0.26564	0.45281
295.91099	57.16840	140.30563	25.21285	-57.38912	0.26157	0.46316
296.41168	57.17083	140.31337	25.22228	-57.39740	0.26275	0.49111
296.91238	57.17211	140.31539	25.25768	-57.40024	0.25856	0.49997
297.41307	57.17412	140.32216	25.26421	-57.41556	0.25986	0.52361
297.91377	57.17529	140.32376	25.29803	-57.42069	0.25556	0.53107
298.41446	57.17729	140.32928	25.30116	-57.44163	0.25709	0.55068
298.91516	57.17855	140.33048	25.33346	-57.44835	0.25272	0.55682
299.41586	57.18104	140.33544	25.33318	-57.47274	0.25454	0.57303
299.91655	57.18250	140.33656	25.36390	-57.48023	0.25011	0.57820
300.41725	57.18537	140.34165	25.36033	-57.50416	0.25228	0.59283
300.91794	57.18691	140.34285	25.38950	-57.51093	0.24782	0.59774
301.41864	57.18973	140.34804	25.38244	-57.53189	0.25036	0.61261
301.91933	57.19124	140.34919	25.40984	-57.53761	0.24587	0.61780
302.42003	57.19412	140.35429	25.39927	-57.55607	0.24871	0.63432
302.92072	57.19571	140.35542	25.42526	-57.56117	0.24415	0.64015
303.42142	57.19903	140.36081	25.41400	-57.57883	0.24715	0.65870
303.92211	57.20084	140.36215	25.43991	-57.58375	0.24246	0.66529
304.42281	57.20485	140.36841	25.43253	-57.60177	0.24537	0.68647
304.92350	57.20689	140.37004	25.45951	-57.60710	0.24047	0.69394
305.42420	57.21129	140.37720	25.45717	-57.62744	0.24316	0.71731
305.92490	57.21340	140.37911	25.48549	-57.63355	0.23803	0.72548
306.42559	57.21773	140.38728	25.48869	-57.65482	0.24052	0.75099
306.92629	57.21982	140.38963	25.51835	-57.66090	0.23518	0.75987
307.42698	57.22415	140.39962	25.52683	-57.68165	0.23756	0.78677
307.92768	57.22626	140.40258	25.55774	-57.68755	0.23206	0.79593
308.42837	57.23075	140.41346	25.57065	-57.70697	0.23442	0.82320
308.92907	57.23295	140.41646	25.60233	-57.71208	0.22878	0.83246
309.42976	57.23782	140.42684	25.61908	-57.72807	0.23111	0.85984
309.93046	57.24019	140.42960	25.65168	-57.73194	0.22529	0.86905
310.43115	57.24548	140.43945	25.67216	-57.74490	0.22754	0.89589
310.93185	57.24799	140.44212	25.70511	-57.74782	0.22156	0.90491
311.43255	57.25378	140.45278	25.72559	-57.75804	0.22383	0.93144
311.93324	57.25649	140.45591	25.75748	-57.76015	0.21775	0.94035
312.43394	57.26270	140.46842	25.77494	-57.76974	0.22019	0.96631
312.93463	57.26553	140.47223	25.80525	-57.77202	0.21404	0.97498
313.43533	57.27208	140.48626	25.82178	-57.78414	0.21671	0.99985
313.93602	57.27504	140.49041	25.85160	-57.78756	0.21051	1.00812
314.43672	57.28197	140.50455	25.86968	-57.80386	0.21343	1.03179
314.93741	57.28506	140.50853	25.89981	-57.80886	0.20717	1.03964
315.43811	57.29191	140.52124	25.92124	-57.83017	0.21022	1.06236
315.93880	57.29485	140.52457	25.95183	-57.83678	0.20386	1.06999
316.43950	57.30067	140.53515	25.97551	-57.86237	0.20697	1.09227
316.94019	57.30319	140.53770	26.00626	-57.87030	0.20050	1.09975
317.44089	57.30777	140.54574	26.03229	-57.89987	0.20370	1.12111
317.94159	57.30993	140.54739	26.06325	-57.90934	0.19715	1.12812
318.44228	57.31347	140.55258	26.09243	-57.94551	0.20041	1.14739
318.94298	57.31526	140.55330	26.12416	-57.95747	0.19375	1.15364
319.44367	57.31776	140.55661	26.15945	-58.00133	0.19709	1.17073
319.94437	57.31925	140.55683	26.19291	-58.01592	0.19033	1.17621
320.44506	57.32121	140.55947	26.23577	-58.06643	0.19364	1.19133
320.94576	57.32259	140.55961	26.27134	-58.08289	0.18673	1.19630
321.44645	57.32451	140.56249	26.32233	-58.13706	0.18989	1.21106
321.94715	57.32598	140.56280	26.36005	-58.15443	0.18281	1.21611
322.44784	57.32863	140.56694	26.41962	-58.21077	0.18586	1.23148
322.94854	57.33043	140.56778	26.45960	-58.22893	0.17864	1.23671
323.44924	57.33383	140.57338	26.52692	-58.29026	0.18165	1.25160
323.94993	57.33579	140.57459	26.56877	-58.31072	0.17432	1.25644
324.45063	57.33947	140.58032	26.64287	-58.38000	0.17738	1.26963
324.95132	57.34151	140.58137	26.68621	-58.40305	0.16997	1.27388
325.45202	57.34517	140.58551	26.76532	-58.47728	0.17314	1.28585
325.95271	57.34717	140.58584	26.80944	-58.50130	0.16567	1.28980
326.45341	57.35049	140.58751	26.89072	-58.57519	0.16898	1.30127
326.95410	57.35232	140.58696	26.93438	-58.59857	0.16146	1.30516
327.45480	57.35489	140.58637	27.01252	-58.66806	0.16498	1.31774
327.95549	57.35649	140.58519	27.05399	-58.68944	0.15743	1.32231
328.45619	57.35895	140.58389	27.12729	-58.75178	0.16117	1.33780
328.95688	57.36065	140.58264	27.16665	-58.77074	0.15360	1.34339
329.45758	57.36360	140.58172	27.23834	-58.82782	0.15753	1.36120
329.95828	57.36547	140.58069	27.27702	-58.84554	0.14992	1.36738
330.45897	57.36890	140.58086	27.35010	-58.90074	0.15396	1.38634
330.95967	57.37096	140.58030	27.38872	-58.91785	0.14629	1.39289
331.46036	57.37520	140.58229	27.46257	-58.96944	0.15032	1.41345
331.96106	57.37757	140.58238	27.50040	-58.98487	0.14255	1.42070
332.46175	57.38268	140.58661	27.57133	-59.03011	0.14659	1.44386
332.96245	57.38534	140.58753	27.60714	-59.04327	0.13875	1.45198
333.46314	57.39131	140.59417	27.67431	-59.08219	0.14292	1.47738
333.96384	57.39426	140.59576	27.70837	-59.09342	0.13505	1.48616
334.46453	57.40073	140.60300	27.77326	-59.13004	0.13942	1.51204
334.96523	57.40377	140.60454	27.80610	-59.14126	0.13155	1.52072
335.46592	57.41003	140.61023	27.87147	-59.18105	0.13615	1.54585
335.96662	57.41290	140.61099	27.90413	-59.19392	0.12827	1.55422
336.46732	57.41833	140.61360	27.97034	-59.24261	0.13304	1.57742
336.96801	57.42088	140.61322	28.00223	-59.25908	0.12512	1.58494
337.46871	57.42520	140.61243	28.06535	-59.31887	0.12993	1.60532
337.96940	57.42737	140.61092	28.09500	-59.33896	0.12196	1.61190
338.47010	57.43057	140.60673	28.15138	-59.40837	0.12686	1.62988
338.97079	57.43236	140.60410	28.17778	-59.43152	0.11887	1.63571
339.47149	57.43435	140.59760	28.22492	-59.50911	0.12405	1.65163
339.97218	57.43576	140.59441	28.24733	-59.53489	0.11610	1.65676
340.47288	57.43714	140.58734	28.28593	-59.61862	0.12157	1.67089
340.97357	57.43846	140.58409	28.30521	-59.64601	0.11363	1.67554
341.47427	57.44009	140.57746	28.34027	-59.73248	0.11925	1.68862
341.97497	57.44156	140.57447	28.35816	-59.76064	0.11129	1.69287
342.47566	57.44376	140.56858	28.39004	-59.84992	0.11700	1.70356
342.97636	57.44546	140.56575	28.40576	-59.87917	0.10902	1.70674
343.47705	57.44845	140.55962	28.43101	-59.97266	0.11478	1.71317
343.97775	57.45042	140.55663	28.44333	-60.00349	0.10677	1.71480
344.47844	57.45410	140.55009	28.45864	-60.10261	0.11268	1.71684
344.97914	57.45626	140.54698	28.46680	-60.13556	0.10468	1.71706
345.47983	57.46020	140.54004	28.47398	-60.24208	0.11080	1.71530
345.98053	57.46238	140.53673	28.47924	-60.27761	0.10282	1.71433
346.48122	57.46612	140.52893	28.48302	-60.39186	0.10915	1.70972
346.98192	57.46824	140.52535	28.48692	-60.42998	0.10119	1.70788
347.48261	57.47197	140.51727	28.49122	-60.55081	0.10765	1.70111
347.98331	57.47412	140.51367	28.49493	-60.59095	0.09968	1.69861
348.48401	57.47774	140.50568	28.50075	-60.71681	0.10611	1.69082
348.98470	57.47977	140.50210	28.50422	-60.75846	0.09807	1.68819
349.48540	57.48287	140.49444	28.51166	-60.88763	0.10436	1.68097
349.98609	57.48474	140.49108	28.51505	-60.93014	0.09623	1.67869
350.48679	57.48745	140.48455	28.52479	-61.05900	0.10236	1.67350
350.98748	57.48921	140.48162	28.52827	-61.10075	0.09415	1.67204
351.48818	57.49203	140.47701	28.54168	-61.22003	0.10019	1.67086
351.98887	57.49398	140.47501	28.54684	-61.25615	0.09192	1.67145
352.48957	57.49771	140.47272	28.56089	-61.36433	0.09805	1.67436
352.99026	57.49999	140.47125	28.56398	-61.40121	0.09020	1.67548
353.49096	57.50441	140.47041	28.57528	-61.50269	0.09595	1.67905
353.99166	57.50728	140.46961	28.57855	-61.54663	0.09006	1.68088
354.49235	57.51198	140.47002	28.58807	-61.63236	0.09375	1.68506
354.99305	57.51551	140.47013	28.59216	-61.68174	0.08980	1.68792
355.49374	57.52036	140.47150	28.60016	-61.75276	0.09142	1.69267
355.99444	57.52467	140.47277	28.60533	-61.80631	0.08942	1.69684
356.49513	57.52955	140.47482	28.61155	-61.86399	0.08901	1.70194
356.99583	57.53475	140.47747	28.61787	-61.92058	0.08895	1.70764
357.49652	57.53954	140.47994	28.62195	-61.96630	0.08652	1.71284
357.99722	57.54575	140.48419	28.62931	-62.02481	0.08842	1.72025
358.49791	57.55036	140.48680	28.63095	-62.05985	0.08397	1.72529
358.99861	57.55768	140.49288	28.63919	-62.11919	0.08783	1.73455
359.49930	57.56200	140.49540	28.63820	-62.14480	0.08138	1.73918
360.00000	57.57057	140.50352	28.64724	-62.20386	0.08720	1.75037
